# Refined counts and mutations matrices for all after round 7
# Minimal count is 26.5 for TGT<->CCG.

CodonCounts:=[[71711, 3825, 35548, 3090.5000, 3600, 881, 653.5000, 855, 12392, 1444, 4008, 1650, 1249.5000, 382.5000, 688.5000, 482.5000, 4140, 703.5000, 3864.5000, 565, 399.5000, 193.5000, 145, 190.5000, 1777, 1142, 1341.5000, 702.5000, 167, 126.5000, 293.5000, 157, 5978, 1051.5000, 2385, 1009, 1800, 545.5000, 378.5000, 362.5000, 1015, 400, 416.5000, 425.5000, 512, 260, 405, 274.5000, 0, 397, 0, 378, 457.5000, 323.5000, 124, 323, 0, 100, 146, 90.5000, 162.5000, 124.5000, 152, 132], [3825, 76788, 6085, 23580, 1047, 4736, 872, 2151.5000, 1113.5000, 12033, 1183.5000, 4993.5000, 229.5000, 1395.5000, 661.5000, 668, 749, 2870.5000, 1375.5000, 1322, 181.5000, 465.5000, 121, 255.5000, 198, 777.5000, 305.5000, 385, 55, 385, 302, 223.5000, 1372, 11154.5000, 1943, 3562.5000, 576, 2311.5000, 362.5000, 667.5000, 621.5000, 3275, 668.5000, 1115.5000, 112.5000, 757.5000, 244.5000, 369.5000, 0, 3085.5000, 0, 1287.5000, 410.5000, 1297, 282, 706, 0, 426.5000, 259.5000, 223, 44.5000, 756, 192, 331], [35548, 6085, 126677, 3569, 1467, 1112.5000, 1436.5000, 755.5000, 4627, 1767.5000, 9270.5000, 1591.5000, 370.5000, 381.5000, 1593, 380.5000, 2128, 872, 10195.5000, 645, 255.5000, 229, 204, 182.5000, 1137.5000, 1490, 2367, 933.5000, 122, 173.5000, 584, 150, 2324.5000, 1623, 7789.5000, 968, 566, 575.5000, 835, 453.5000, 525.5000, 609, 1198.5000, 315.5000, 301.5000, 255, 962.5000, 237.5000, 0, 709.5000, 0, 353.5000, 318, 406, 285, 292, 0, 119, 528.5000, 90.5000, 103, 152, 393, 127.5000], [3090.5000, 23580, 3569, 29226, 994.5000, 1692.5000, 567.5000, 2976, 1044.5000, 4422.5000, 913, 6916, 238, 580, 518.5000, 914, 717.5000, 1310.5000, 974, 1736.5000, 178.5000, 266.5000, 86.5000, 329.5000, 187.5000, 330, 270, 680, 71.5000, 191.5000, 189.5000, 302.5000, 1408.5000, 4066.5000, 1204.5000, 5311.5000, 976.5000, 1050.5000, 663, 953, 763, 1423.5000, 573.5000, 2158, 144, 354.5000, 245.5000, 576, 0, 1724, 0, 2735, 389, 755.5000, 246.5000, 1029.5000, 0, 353, 441, 365, 82.5000, 417, 208, 624.5000], [3600, 1047, 1467, 994.5000, 30643, 10531, 8529.5000, 10143.5000, 3859, 1391.5000, 682.5000, 1677.5000, 2100, 1180, 1755, 1196.5000, 1025, 246.5000, 649, 206, 1480.5000, 398.5000, 222.5000, 510.5000, 366, 179, 201, 179.5000, 330.5000, 217, 468.5000, 292.5000, 1280, 440.5000, 545, 454.5000, 5382, 1672.5000, 1484.5000, 1435.5000, 819, 434.5000, 263, 410.5000, 1514, 718.5000, 1207, 727, 0, 404.5000, 0, 221, 3150.5000, 1483, 660, 1419.5000, 0, 142, 171.5000, 145.5000, 527, 265.5000, 331.5000, 223.5000], [881, 4736, 1112.5000, 1692.5000, 10531, 110956, 7015.5000, 13323, 848, 5543.5000, 533, 2798.5000, 856, 5751, 1724, 2095.5000, 331, 645, 548.5000, 284, 427, 1581.5000, 240.5000, 758.5000, 121, 463.5000, 194, 305.5000, 167, 971, 492.5000, 274.5000, 464, 2016, 546.5000, 707.5000, 1433, 9619, 727.5000, 1844, 347, 1312.5000, 240.5000, 635, 507, 2535, 1043.5000, 1078.5000, 0, 1552.5000, 0, 504.5000, 1287, 6173.5000, 656.5000, 1812, 0, 524.5000, 313, 243.5000, 162, 1076, 268, 309], [653.5000, 872, 1436.5000, 567.5000, 8529.5000, 7015.5000, 35345, 6755.5000, 457.5000, 912, 443, 1229.5000, 643, 703, 3161.5000, 390.5000, 198, 167, 1196.5000, 96.5000, 348.5000, 228.5000, 345.5000, 209, 64.5000, 101, 177, 128, 68.5000, 130.5000, 1209.5000, 114.5000, 333, 504.5000, 660.5000, 307, 964, 1069, 2065.5000, 673.5000, 222.5000, 261.5000, 316, 319.5000, 347, 501.5000, 986, 351, 0, 265, 0, 220, 1074.5000, 1133.5000, 1249, 784.5000, 0, 90, 291.5000, 97, 144, 142, 317.5000, 170], [855, 2151.5000, 755.5000, 2976, 10143.5000, 13323, 6755.5000, 26152, 1096.5000, 2479.5000, 537, 5417, 733.5000, 1741, 1196.5000, 3403.5000, 406, 443, 567, 482.5000, 425.5000, 580.5000, 274, 1982.5000, 259.5000, 200, 205.5000, 741, 116.5000, 356, 415.5000, 592.5000, 541.5000, 1096.5000, 461.5000, 1723, 1518.5000, 2934, 934.5000, 5610.5000, 445, 817, 393.5000, 2059, 393, 885.5000, 798, 1680.5000, 0, 652.5000, 0, 1221, 1275, 2128, 520.5000, 3723.5000, 0, 207, 480, 390, 189.5000, 364.5000, 285.5000, 691.5000], [12392, 1113.5000, 4627, 1044.5000, 3859, 848, 457.5000, 1096.5000, 52370, 1678, 9387.5000, 2557.5000, 1082, 356.5000, 421, 326.5000, 3002.5000, 552, 1222.5000, 292.5000, 165.5000, 111.5000, 80.5000, 126.5000, 6722.5000, 2803, 2973, 1729, 296.5000, 133.5000, 148.5000, 131.5000, 1137, 319, 415.5000, 392, 1026.5000, 337.5000, 197, 240.5000, 2443, 550, 536.5000, 484.5000, 335, 307.5000, 315.5000, 221.5000, 0, 270.5000, 0, 221, 268, 168.5000, 74, 170, 0, 95.5000, 338.5000, 143, 157.5000, 115.5000, 128.5000, 127], [1444, 12033, 1767.5000, 4422.5000, 1391.5000, 5543.5000, 912, 2479.5000, 1678, 41659, 1449.5000, 14736, 239, 1259.5000, 483.5000, 658, 390.5000, 1208.5000, 791, 598.5000, 185.5000, 545.5000, 144, 306, 256.5000, 923.5000, 352.5000, 542.5000, 51, 504.5000, 182.5000, 159.5000, 661, 3289, 842, 1506, 709.5000, 2628, 402, 986, 1178.5000, 5479, 1073.5000, 1902, 117.5000, 588.5000, 271.5000, 306.5000, 0, 1169, 0, 500.5000, 782.5000, 2462.5000, 435, 1432, 0, 959.5000, 333, 536.5000, 66.5000, 865.5000, 156.5000, 333], [4008, 1183.5000, 9270.5000, 913, 682.5000, 533, 443, 537, 9387.5000, 1449.5000, 13862, 1759.5000, 303, 249, 670, 213.5000, 669.5000, 394, 1619.5000, 267.5000, 92, 108, 75, 77.5000, 2360.5000, 2650, 3584.5000, 1443, 63.5000, 105.5000, 231.5000, 89.5000, 426.5000, 422.5000, 923, 465.5000, 368, 387.5000, 232.5000, 204, 748, 539, 1974.5000, 440, 170, 180.5000, 352.5000, 129, 0, 437.5000, 0, 258.5000, 145, 213.5000, 93.5000, 124.5000, 0, 110.5000, 562.5000, 127.5000, 72.5000, 204.5000, 174.5000, 129], [1650, 4993.5000, 1591.5000, 6916, 1677.5000, 2798.5000, 1229.5000, 5417, 2557.5000, 14736, 1759.5000, 29525, 329.5000, 749.5000, 542.5000, 1672, 459.5000, 633.5000, 742, 972, 216.5000, 333, 191.5000, 818.5000, 369, 518.5000, 425.5000, 1817.5000, 73.5000, 269.5000, 132, 456.5000, 1061.5000, 1968, 684.5000, 4381.5000, 808.5000, 1358, 658.5000, 2108.5000, 1495.5000, 2543.5000, 1356.5000, 6129.5000, 152.5000, 470.5000, 267.5000, 963.5000, 0, 899.5000, 0, 1554.5000, 1000.5000, 1514, 474, 1898, 0, 555, 845, 1187, 147.5000, 391, 189, 676], [1249.5000, 229.5000, 370.5000, 238, 2100, 856, 643, 733.5000, 1082, 239, 303, 329.5000, 8369, 6333.5000, 4793.5000, 6022.5000, 382, 68.5000, 300, 65.5000, 157, 64.5000, 38.5000, 64, 164, 91.5000, 74.5000, 53.5000, 739.5000, 720, 1641.5000, 678, 555.5000, 196, 212, 133.5000, 1085.5000, 353.5000, 311, 294.5000, 218.5000, 99.5000, 136, 85.5000, 2080, 1678.5000, 3372, 1296.5000, 0, 200.5000, 0, 274, 337, 155, 98.5000, 122.5000, 0, 61.5000, 117, 47.5000, 767, 514.5000, 832.5000, 429.5000], [382.5000, 1395.5000, 381.5000, 580, 1180, 5751, 703, 1741, 356.5000, 1259.5000, 249, 749.5000, 6333.5000, 67821, 4619.5000, 19934.5000, 186.5000, 293.5000, 245.5000, 135, 117, 424, 59, 189.5000, 78.5000, 246, 86, 130, 530.5000, 4146, 2672, 1526, 254.5000, 763, 202, 284.5000, 456.5000, 1845.5000, 266.5000, 572.5000, 134.5000, 477, 129, 226.5000, 1420.5000, 12029.5000, 5133, 3720, 0, 1143.5000, 0, 414, 227.5000, 595, 107, 321, 0, 245, 135.5000, 133.5000, 541, 2979.5000, 1084, 1018], [688.5000, 661.5000, 1593, 518.5000, 1755, 1724, 3161.5000, 1196.5000, 421, 483.5000, 670, 542.5000, 4793.5000, 4619.5000, 102205, 4180, 275, 192.5000, 1225.5000, 173, 171, 163.5000, 169, 130, 105, 201, 234.5000, 167, 1043.5000, 2070, 8604.5000, 1543, 383, 235.5000, 571, 265, 890, 967, 957.5000, 635, 222, 307, 547.5000, 207.5000, 1664.5000, 2264.5000, 8633, 1888, 0, 376.5000, 0, 374.5000, 466.5000, 402, 391.5000, 328, 0, 139.5000, 514, 138.5000, 1029.5000, 951.5000, 4548, 1292], [482.5000, 668, 380.5000, 914, 1196.5000, 2095.5000, 390.5000, 3403.5000, 326.5000, 658, 213.5000, 1672, 6022.5000, 19934.5000, 4180, 41616, 173.5000, 156.5000, 270, 210, 89.5000, 131.5000, 60.5000, 376, 125.5000, 106, 83, 275.5000, 518, 1908.5000, 2120.5000, 2891.5000, 237.5000, 212, 194.5000, 407.5000, 419.5000, 744, 307, 1099, 169.5000, 274, 177, 558, 1238.5000, 3792.5000, 3891.5000, 5953, 0, 386.5000, 0, 589.5000, 279.5000, 418, 70, 520.5000, 0, 149.5000, 217.5000, 221.5000, 582.5000, 933.5000, 947.5000, 1567.5000], [4140, 749, 2128, 717.5000, 1025, 331, 198, 406, 3002.5000, 390.5000, 669.5000, 459.5000, 382, 186.5000, 275, 173.5000, 36964, 2331.5000, 23102, 1495, 1194, 319, 319, 396, 2669.5000, 744.5000, 934, 712.5000, 720, 281.5000, 815.5000, 288.5000, 4405, 716.5000, 1991.5000, 583, 618.5000, 349, 170.5000, 238, 624, 205.5000, 319, 196, 426, 125.5000, 304.5000, 148.5000, 0, 467.5000, 0, 408.5000, 388.5000, 302.5000, 99.5000, 245, 0, 133.5000, 239.5000, 139, 165.5000, 129, 169.5000, 140.5000], [703.5000, 2870.5000, 872, 1310.5000, 246.5000, 645, 167, 443, 552, 1208.5000, 394, 633.5000, 68.5000, 293.5000, 192.5000, 156.5000, 2331.5000, 30709, 4410.5000, 16388, 265.5000, 710.5000, 158, 324, 451, 1862.5000, 503.5000, 601, 112, 624.5000, 406.5000, 285.5000, 604.5000, 1447.5000, 638.5000, 567, 301, 926, 204.5000, 248, 163.5000, 818, 158, 294.5000, 75, 309, 164, 159.5000, 0, 4429, 0, 1820, 169, 718, 110, 346, 0, 359.5000, 317, 227, 72.5000, 966, 125, 461.5000], [3864.5000, 1375.5000, 10195.5000, 974, 649, 548.5000, 1196.5000, 567, 1222.5000, 791, 1619.5000, 742, 300, 245.5000, 1225.5000, 270, 23102, 4410.5000, 181873, 2651.5000, 1233, 704, 1821, 777.5000, 1275, 1232, 5042, 1014, 505.5000, 651, 5055, 449, 3548, 1621, 13283.5000, 977.5000, 679, 617.5000, 946.5000, 473, 511, 453, 1113.5000, 285, 293, 266.5000, 5517, 311.5000, 0, 715.5000, 0, 489, 507, 515.5000, 388, 455.5000, 0, 194.5000, 727, 217, 269, 200.5000, 707.5000, 206], [565, 1322, 645, 1736.5000, 206, 284, 96.5000, 482.5000, 292.5000, 598.5000, 267.5000, 972, 65.5000, 135, 173, 210, 1495, 16388, 2651.5000, 32274, 211.5000, 329.5000, 122, 693, 298.5000, 526, 333.5000, 881.5000, 89.5000, 243.5000, 270.5000, 442, 449.5000, 595, 404.5000, 985, 296, 293.5000, 196, 373.5000, 133, 322.5000, 135.5000, 441, 63, 106.5000, 103.5000, 254, 0, 1582, 0, 3564.5000, 152, 356.5000, 61.5000, 509, 0, 195, 230, 443.5000, 73.5000, 278.5000, 113.5000, 522.5000], [399.5000, 181.5000, 255.5000, 178.5000, 1480.5000, 427, 348.5000, 425.5000, 165.5000, 185.5000, 92, 216.5000, 157, 117, 171, 89.5000, 1194, 265.5000, 1233, 211.5000, 45856, 9987.5000, 6869, 11093, 212, 137, 192.5000, 104, 456, 223, 801, 225.5000, 412, 247.5000, 306, 169, 1673.5000, 681.5000, 326, 605.5000, 362.5000, 134, 140.5000, 132.5000, 250.5000, 132.5000, 296.5000, 139.5000, 0, 109, 0, 105, 2047.5000, 844.5000, 317, 776.5000, 0, 37.5000, 72, 47.5000, 281, 111.5000, 166.5000, 89.5000], [193.5000, 465.5000, 229, 266.5000, 398.5000, 1581.5000, 228.5000, 580.5000, 111.5000, 545.5000, 108, 333, 64.5000, 424, 163.5000, 131.5000, 319, 710.5000, 704, 329.5000, 9987.5000, 31151, 4740.5000, 14594.5000, 100, 502, 203.5000, 146, 117, 931, 375, 447, 207, 654, 250, 217.5000, 533.5000, 2264, 319.5000, 955, 150, 518, 157, 223, 74, 394, 257, 190, 0, 419.5000, 0, 129, 632, 2581, 334.5000, 1229, 0, 218, 155.5000, 96, 66.5000, 440.5000, 173.5000, 199], [145, 121, 204, 86.5000, 222.5000, 240.5000, 345.5000, 274, 80.5000, 144, 75, 191.5000, 38.5000, 59, 169, 60.5000, 319, 158, 1821, 122, 6869, 4740.5000, 5372, 5364.5000, 98.5000, 192, 324.5000, 184, 115, 197, 1149.5000, 164.5000, 162, 160.5000, 372.5000, 149.5000, 359, 440, 395.5000, 828.5000, 104, 121.5000, 162.5000, 183, 60.5000, 88.5000, 410.5000, 77, 0, 66, 0, 51.5000, 368, 370, 323.5000, 385, 0, 49, 153, 26.5000, 60, 64.5000, 149.5000, 89], [190.5000, 255.5000, 182.5000, 329.5000, 510.5000, 758.5000, 209, 1982.5000, 126.5000, 306, 77.5000, 818.5000, 64, 189.5000, 130, 376, 396, 324, 777.5000, 693, 11093, 14594.5000, 5364.5000, 40078, 91.5000, 199.5000, 151, 439, 99.5000, 449.5000, 405, 1548.5000, 219, 432.5000, 298, 436, 644, 2114, 384, 5536, 165.5000, 240, 140, 556, 75.5000, 517.5000, 298.5000, 788, 0, 110, 0, 295.5000, 684, 1083, 338, 3724.5000, 0, 49.5000, 171.5000, 131, 152, 106.5000, 147.5000, 535.5000], [1777, 198, 1137.5000, 187.5000, 366, 121, 64.5000, 259.5000, 6722.5000, 256.5000, 2360.5000, 369, 164, 78.5000, 105, 125.5000, 2669.5000, 451, 1275, 298.5000, 212, 100, 98.5000, 91.5000, 29628, 4453.5000, 4654.5000, 2142.5000, 248.5000, 107.5000, 246.5000, 92.5000, 366.5000, 140, 225, 142, 175, 99, 66.5000, 113, 408, 252, 260.5000, 203, 95, 50, 81.5000, 111, 0, 179.5000, 0, 86.5000, 101.5000, 80.5000, 58, 91.5000, 0, 119.5000, 394.5000, 120, 75.5000, 36, 68, 63], [1142, 777.5000, 1490, 330, 179, 463.5000, 101, 200, 2803, 923.5000, 2650, 518.5000, 91.5000, 246, 201, 106, 744.5000, 1862.5000, 1232, 526, 137, 502, 192, 199.5000, 4453.5000, 39456, 4582, 8703.5000, 144, 888, 1267, 200.5000, 171, 439.5000, 223, 290, 171, 603, 117, 178.5000, 130, 813.5000, 164, 426, 58, 239, 150.5000, 138, 0, 1171.5000, 0, 346.5000, 89, 317, 60.5000, 141.5000, 0, 982, 279.5000, 442.5000, 50, 701, 171.5000, 187.5000], [1341.5000, 305.5000, 2367, 270, 201, 194, 177, 205.5000, 2973, 352.5000, 3584.5000, 425.5000, 74.5000, 86, 234.5000, 83, 934, 503.5000, 5042, 333.5000, 192.5000, 203.5000, 324.5000, 151, 4654.5000, 4582, 8214, 2126.5000, 87, 151.5000, 705, 129, 195.5000, 240.5000, 593, 218.5000, 146, 145.5000, 155, 131, 255, 299, 669.5000, 271, 67, 85, 251.5000, 87.5000, 0, 191, 0, 163, 69, 115.5000, 85, 94, 0, 143.5000, 1247.5000, 115.5000, 55, 69, 198.5000, 112], [702.5000, 385, 933.5000, 680, 179.5000, 305.5000, 128, 741, 1729, 542.5000, 1443, 1817.5000, 53.5000, 130, 167, 275.5000, 712.5000, 601, 1014, 881.5000, 104, 146, 184, 439, 2142.5000, 8703.5000, 2126.5000, 7333, 116.5000, 498.5000, 1128, 367, 232, 300, 165, 966.5000, 107, 195.5000, 148.5000, 858.5000, 175.5000, 324.5000, 171, 1538, 58.5000, 117, 83.5000, 362, 0, 436, 0, 664.5000, 68.5000, 189.5000, 55, 478, 0, 684, 393.5000, 520.5000, 59, 147.5000, 114, 255.5000], [167, 55, 122, 71.5000, 330.5000, 167, 68.5000, 116.5000, 296.5000, 51, 63.5000, 73.5000, 739.5000, 530.5000, 1043.5000, 518, 720, 112, 505.5000, 89.5000, 456, 117, 115, 99.5000, 248.5000, 144, 87, 116.5000, 4391, 3513.5000, 14292, 2940.5000, 145, 37.5000, 87, 42, 242, 249.5000, 116.5000, 91, 81.5000, 36.5000, 46, 44, 526, 504.5000, 1164.5000, 303, 0, 101, 0, 88.5000, 151, 69, 55.5000, 68, 0, 51, 98.5000, 47.5000, 1671.5000, 414.5000, 2617.5000, 405], [126.5000, 385, 173.5000, 191.5000, 217, 971, 130.5000, 356, 133.5000, 504.5000, 105.5000, 269.5000, 720, 4146, 2070, 1908.5000, 281.5000, 624.5000, 651, 243.5000, 223, 931, 197, 449.5000, 107.5000, 888, 151.5000, 498.5000, 3513.5000, 61385, 18794, 9969.5000, 125, 205.5000, 129, 108.5000, 213, 829, 143, 317.5000, 65.5000, 218.5000, 67, 172.5000, 435, 3205.5000, 1711.5000, 863, 0, 1036, 0, 520.5000, 129.5000, 437.5000, 81, 234, 0, 284, 186, 143, 2112.5000, 4311.5000, 4121, 1611], [293.5000, 302, 584, 189.5000, 468.5000, 492.5000, 1209.5000, 415.5000, 148.5000, 182.5000, 231.5000, 132, 1641.5000, 2672, 8604.5000, 2120.5000, 815.5000, 406.5000, 5055, 270.5000, 801, 375, 1149.5000, 405, 246.5000, 1267, 705, 1128, 14292, 18794, 172305, 13092.5000, 273.5000, 111, 489, 123.5000, 494, 618.5000, 532.5000, 468, 124, 122, 420.5000, 85, 1222, 1652, 8311, 1185.5000, 0, 426.5000, 0, 347, 418, 318, 595, 239.5000, 0, 429, 569.5000, 170.5000, 5987, 1998, 19802.5000, 1749], [157, 223.5000, 150, 302.5000, 292.5000, 274.5000, 114.5000, 592.5000, 131.5000, 159.5000, 89.5000, 456.5000, 678, 1526, 1543, 2891.5000, 288.5000, 285.5000, 449, 442, 225.5000, 447, 164.5000, 1548.5000, 92.5000, 200.5000, 129, 367, 2940.5000, 9969.5000, 13092.5000, 18746, 157.5000, 152.5000, 199, 214.5000, 254, 519.5000, 132.5000, 578.5000, 86, 129.5000, 102.5000, 344.5000, 415.5000, 1056.5000, 1245.5000, 1465, 0, 397, 0, 677, 122, 225, 60.5000, 479.5000, 0, 135.5000, 118.5000, 210.5000, 1758.5000, 1460, 3353, 2654], [5978, 1372, 2324.5000, 1408.5000, 1280, 464, 333, 541.5000, 1137, 661, 426.5000, 1061.5000, 555.5000, 254.5000, 383, 237.5000, 4405, 604.5000, 3548, 449.5000, 412, 207, 162, 219, 366.5000, 171, 195.5000, 232, 145, 125, 273.5000, 157.5000, 49194, 7529, 39800, 6328, 2851.5000, 977.5000, 641.5000, 707.5000, 4013.5000, 892, 1569, 849.5000, 988.5000, 366.5000, 784, 404.5000, 0, 482, 0, 345.5000, 510, 329, 129, 336.5000, 0, 50.5000, 143.5000, 76, 174.5000, 214, 197.5000, 168.5000], [1051.5000, 11154.5000, 1623, 4066.5000, 440.5000, 2016, 504.5000, 1096.5000, 319, 3289, 422.5000, 1968, 196, 763, 235.5000, 212, 716.5000, 1447.5000, 1621, 595, 247.5000, 654, 160.5000, 432.5000, 140, 439.5000, 240.5000, 300, 37.5000, 205.5000, 111, 152.5000, 7529, 130020, 13679.5000, 30290, 782.5000, 3524, 1105, 900.5000, 1156.5000, 6603.5000, 1983, 1840.5000, 157, 910.5000, 395.5000, 376.5000, 0, 2635, 0, 936, 315.5000, 1258, 211.5000, 557.5000, 0, 412.5000, 345.5000, 156, 44.5000, 798.5000, 128.5000, 287.5000], [2385, 1943, 7789.5000, 1204.5000, 545, 546.5000, 660.5000, 461.5000, 415.5000, 842, 923, 684.5000, 212, 202, 571, 194.5000, 1991.5000, 638.5000, 13283.5000, 404.5000, 306, 250, 372.5000, 298, 225, 223, 593, 165, 87, 129, 489, 199, 39800, 13679.5000, 154631, 9209, 1068, 1118, 4865.5000, 775, 1854, 1432.5000, 6847, 804.5000, 482, 427, 2799.5000, 447.5000, 0, 346.5000, 0, 324.5000, 270.5000, 376.5000, 369, 276.5000, 0, 38, 339.5000, 57, 78.5000, 120, 323, 154.5000], [1009, 3562.5000, 968, 5311.5000, 454.5000, 707.5000, 307, 1723, 392, 1506, 465.5000, 4381.5000, 133.5000, 284.5000, 265, 407.5000, 583, 567, 977.5000, 985, 169, 217.5000, 149.5000, 436, 142, 290, 218.5000, 966.5000, 42, 108.5000, 123.5000, 214.5000, 6328, 30290, 9209, 43939, 617, 890.5000, 567, 1574, 1384, 2143, 1431, 5541.5000, 191.5000, 385.5000, 302, 793.5000, 0, 985, 0, 2251.5000, 307, 374.5000, 243, 783, 0, 130.5000, 282, 207, 74, 303.5000, 146, 465.5000], [1800, 576, 566, 976.5000, 5382, 1433, 964, 1518.5000, 1026.5000, 709.5000, 368, 808.5000, 1085.5000, 456.5000, 890, 419.5000, 618.5000, 301, 679, 296, 1673.5000, 533.5000, 359, 644, 175, 171, 146, 107, 242, 213, 494, 254, 2851.5000, 782.5000, 1068, 617, 39082, 14042, 10933.5000, 9653.5000, 2901.5000, 1384, 1057, 876.5000, 3844, 1053, 2774, 1212.5000, 0, 337.5000, 0, 226, 5663, 1777.5000, 1149.5000, 1633.5000, 0, 183.5000, 124.5000, 164.5000, 606, 225, 270, 200.5000], [545.5000, 2311.5000, 575.5000, 1050.5000, 1672.5000, 9619, 1069, 2934, 337.5000, 2628, 387.5000, 1358, 353.5000, 1845.5000, 967, 744, 349, 926, 617.5000, 293.5000, 681.5000, 2264, 440, 2114, 99, 603, 145.5000, 195.5000, 249.5000, 829, 618.5000, 519.5000, 977.5000, 3524, 1118, 890.5000, 14042, 95941, 7320, 19046, 1638.5000, 8888.5000, 1318, 2195.5000, 792.5000, 6864, 2407.5000, 1956, 0, 1890.5000, 0, 511, 2257.5000, 8749.5000, 954.5000, 2620, 0, 1220, 660.5000, 512.5000, 224, 1588.5000, 299, 579], [378.5000, 362.5000, 835, 663, 1484.5000, 727.5000, 2065.5000, 934.5000, 197, 402, 232.5000, 658.5000, 311, 266.5000, 957.5000, 307, 170.5000, 204.5000, 946.5000, 196, 326, 319.5000, 395.5000, 384, 66.5000, 117, 155, 148.5000, 116.5000, 143, 532.5000, 132.5000, 641.5000, 1105, 4865.5000, 567, 10933.5000, 7320, 13113, 4416, 798.5000, 884, 1473, 741, 934.5000, 769.5000, 4381, 651, 0, 186, 0, 241.5000, 1325, 793, 814.5000, 671, 0, 132, 480.5000, 138, 154, 221.5000, 500, 373], [362.5000, 667.5000, 453.5000, 953, 1435.5000, 1844, 673.5000, 5610.5000, 240.5000, 986, 204, 2108.5000, 294.5000, 572.5000, 635, 1099, 238, 248, 473, 373.5000, 605.5000, 955, 828.5000, 5536, 113, 178.5000, 131, 858.5000, 91, 317.5000, 468, 578.5000, 707.5000, 900.5000, 775, 1574, 9653.5000, 19046, 4416, 46885, 1034, 1774, 715, 3470, 539.5000, 1487.5000, 1445.5000, 4066.5000, 0, 513, 0, 649, 1437, 2033.5000, 559, 4166, 0, 289.5000, 435.5000, 457, 212.5000, 344, 227.5000, 828], [1015, 621.5000, 525.5000, 763, 819, 347, 222.5000, 445, 2443, 1178.5000, 748, 1495.5000, 218.5000, 134.5000, 222, 169.5000, 624, 163.5000, 511, 133, 362.5000, 150, 104, 165.5000, 408, 130, 255, 175.5000, 81.5000, 65.5000, 124, 86, 4013.5000, 1156.5000, 1854, 1384, 2901.5000, 1638.5000, 798.5000, 1034, 101208, 18750.5000, 31737, 11994.5000, 582.5000, 240, 469.5000, 291, 0, 204.5000, 0, 147.5000, 680.5000, 348, 174, 310.5000, 0, 168.5000, 295.5000, 182.5000, 145, 114.5000, 128, 165], [400, 3275, 609, 1423.5000, 434.5000, 1312.5000, 261.5000, 817, 550, 5479, 539, 2543.5000, 99.5000, 477, 307, 274, 205.5000, 818, 453, 322.5000, 134, 518, 121.5000, 240, 252, 813.5000, 299, 324.5000, 36.5000, 218.5000, 122, 129.5000, 892, 6603.5000, 1432.5000, 2143, 1384, 8888.5000, 884, 1774, 18750.5000, 110465, 17636, 15100.5000, 139.5000, 784.5000, 347.5000, 407, 0, 1112.5000, 0, 390.5000, 455.5000, 1296, 233, 595.5000, 0, 618.5000, 536.5000, 336.5000, 57, 596.5000, 187, 352], [416.5000, 668.5000, 1198.5000, 573.5000, 263, 240.5000, 316, 393.5000, 536.5000, 1073.5000, 1974.5000, 1356.5000, 136, 129, 547.5000, 177, 319, 158, 1113.5000, 135.5000, 140.5000, 157, 162.5000, 140, 260.5000, 164, 669.5000, 171, 46, 67, 420.5000, 102.5000, 1569, 1983, 6847, 1431, 1057, 1318, 1473, 715, 31737, 17636, 128970, 9249.5000, 230, 215.5000, 1016, 229.5000, 0, 221, 0, 181, 206, 258, 208, 258.5000, 0, 169, 1911.5000, 233.5000, 59.5000, 389, 1124, 961], [425.5000, 1115.5000, 315.5000, 2158, 410.5000, 635, 319.5000, 2059, 484.5000, 1902, 440, 6129.5000, 85.5000, 226.5000, 207.5000, 558, 196, 294.5000, 285, 441, 132.5000, 223, 183, 556, 203, 426, 271, 1538, 44, 172.5000, 85, 344.5000, 849.5000, 1840.5000, 804.5000, 5541.5000, 876.5000, 2195.5000, 741, 3470, 11994.5000, 15100.5000, 9249.5000, 28229, 176.5000, 376.5000, 332, 1102.5000, 0, 678.5000, 0, 1087.5000, 307, 494, 254, 796.5000, 0, 312, 654.5000, 615, 76, 332, 146, 576.5000], [512, 112.5000, 301.5000, 144, 1514, 507, 347, 393, 335, 117.5000, 170, 152.5000, 2080, 1420.5000, 1664.5000, 1238.5000, 426, 75, 293, 63, 250.5000, 74, 60.5000, 75.5000, 95, 58, 67, 58.5000, 526, 435, 1222, 415.5000, 988.5000, 157, 482, 191.5000, 3844, 792.5000, 934.5000, 539.5000, 582.5000, 139.5000, 230, 176.5000, 6958, 5345, 13498.5000, 3197.5000, 0, 211.5000, 0, 131.5000, 457.5000, 145.5000, 96, 167.5000, 0, 34, 200.5000, 50.5000, 583, 247.5000, 571.5000, 232], [260, 757.5000, 255, 354.5000, 718.5000, 2535, 501.5000, 885.5000, 307.5000, 588.5000, 180.5000, 470.5000, 1678.5000, 12029.5000, 2264.5000, 3792.5000, 125.5000, 309, 266.5000, 106.5000, 132.5000, 394, 88.5000, 517.5000, 50, 239, 85, 117, 504.5000, 3205.5000, 1652, 1056.5000, 366.5000, 910.5000, 427, 385.5000, 1053, 6864, 769.5000, 1487.5000, 240, 784.5000, 215.5000, 376.5000, 5345, 96293, 17065, 9931, 0, 1853, 0, 392.5000, 241.5000, 885.5000, 130.5000, 427, 0, 340, 229.5000, 186.5000, 384.5000, 4210, 720.5000, 927], [405, 244.5000, 962.5000, 245.5000, 1207, 1043.5000, 986, 798, 315.5000, 271.5000, 352.5000, 267.5000, 3372, 5133, 8633, 3891.5000, 304.5000, 164, 5517, 103.5000, 296.5000, 257, 410.5000, 298.5000, 81.5000, 150.5000, 251.5000, 83.5000, 1164.5000, 1711.5000, 8311, 1245.5000, 784, 395.5000, 2799.5000, 302, 2774, 2407.5000, 4381, 1445.5000, 469.5000, 347.5000, 1016, 332, 13498.5000, 17065, 127286, 11562.5000, 0, 424.5000, 0, 281, 375.5000, 316, 527.5000, 304.5000, 0, 155.5000, 474.5000, 158.5000, 950, 640, 4024.5000, 728.5000], [274.5000, 369.5000, 237.5000, 576, 727, 1078.5000, 351, 1680.5000, 221.5000, 306.5000, 129, 963.5000, 1296.5000, 3720, 1888, 5953, 148.5000, 159.5000, 311.5000, 254, 139.5000, 190, 77, 788, 111, 138, 87.5000, 362, 303, 863, 1185.5000, 1465, 404.5000, 376.5000, 447.5000, 793.5000, 1212.5000, 1956, 651, 4066.5000, 291, 407, 229.5000, 1102.5000, 3197.5000, 9931, 11562.5000, 13765, 0, 611, 0, 686, 209.5000, 285, 101, 564, 0, 227.5000, 212.5000, 344, 343.5000, 779.5000, 613, 1081], [0, 0, 0, 0, 0, 0, 0, 0, 0, 0, 0, 0, 0, 0, 0, 0, 0, 0, 0, 0, 0, 0, 0, 0, 0, 0, 0, 0, 0, 0, 0, 0, 0, 0, 0, 0, 0, 0, 0, 0, 0, 0, 0, 0, 0, 0, 0, 0, 1329, 0, 376, 0, 0, 0, 0, 0, 666.5000, 0, 0, 0, 0, 0, 0, 0], [397, 3085.5000, 709.5000, 1724, 404.5000, 1552.5000, 265, 652.5000, 270.5000, 1169, 437.5000, 899.5000, 200.5000, 1143.5000, 376.5000, 386.5000, 467.5000, 4429, 715.5000, 1582, 109, 419.5000, 66, 110, 179.5000, 1171.5000, 191, 436, 101, 1036, 426.5000, 397, 482, 2635, 346.5000, 985, 337.5000, 1890.5000, 186, 513, 204.5000, 1112.5000, 221, 678.5000, 211.5000, 1853, 424.5000, 611, 0, 86681, 0, 42092, 332.5000, 2266, 289, 922, 0, 1480.5000, 2506, 642.5000, 321.5000, 12154.5000, 589, 4892.5000], [0, 0, 0, 0, 0, 0, 0, 0, 0, 0, 0, 0, 0, 0, 0, 0, 0, 0, 0, 0, 0, 0, 0, 0, 0, 0, 0, 0, 0, 0, 0, 0, 0, 0, 0, 0, 0, 0, 0, 0, 0, 0, 0, 0, 0, 0, 0, 0, 376, 0, 660, 0, 0, 0, 0, 0, 257, 0, 0, 0, 0, 0, 0, 0], [378, 1287.5000, 353.5000, 2735, 221, 504.5000, 220, 1221, 221, 500.5000, 258.5000, 1554.5000, 274, 414, 374.5000, 589.5000, 408.5000, 1820, 489, 3564.5000, 105, 129, 51.5000, 295.5000, 86.5000, 346.5000, 163, 664.5000, 88.5000, 520.5000, 347, 677, 345.5000, 936, 324.5000, 2251.5000, 226, 511, 241.5000, 649, 147.5000, 390.5000, 181, 1087.5000, 131.5000, 392.5000, 281, 686, 0, 42092, 0, 98137, 297.5000, 929, 279.5000, 2450, 0, 803.5000, 1532, 1528, 205, 4815.5000, 538.5000, 7899], [457.5000, 410.5000, 318, 389, 3150.5000, 1287, 1074.5000, 1275, 268, 782.5000, 145, 1000.5000, 337, 227.5000, 466.5000, 279.5000, 388.5000, 169, 507, 152, 2047.5000, 632, 368, 684, 101.5000, 89, 69, 68.5000, 151, 129.5000, 418, 122, 510, 315.5000, 270.5000, 307, 5663, 2257.5000, 1325, 1437, 680.5000, 455.5000, 206, 307, 457.5000, 241.5000, 375.5000, 209.5000, 0, 332.5000, 0, 297.5000, 41752, 8800.5000, 4092, 10633.5000, 0, 213, 209, 306.5000, 839, 379, 696.5000, 410.5000], [323.5000, 1297, 406, 755.5000, 1483, 6173.5000, 1133.5000, 2128, 168.5000, 2462.5000, 213.5000, 1514, 155, 595, 402, 418, 302.5000, 718, 515.5000, 356.5000, 844.5000, 2581, 370, 1083, 80.5000, 317, 115.5000, 189.5000, 69, 437.5000, 318, 225, 329, 1258, 376.5000, 374.5000, 1777.5000, 8749.5000, 793, 2033.5000, 348, 1296, 258, 494, 145.5000, 885.5000, 316, 285, 0, 2266, 0, 929, 8800.5000, 119394, 5590, 23476.5000, 0, 917.5000, 305.5000, 515, 240, 3260.5000, 337.5000, 1152.5000], [124, 282, 285, 246.5000, 660, 656.5000, 1249, 520.5000, 74, 435, 93.5000, 474, 98.5000, 107, 391.5000, 70, 99.5000, 110, 388, 61.5000, 317, 334.5000, 323.5000, 338, 58, 60.5000, 85, 55, 55.5000, 81, 595, 60.5000, 129, 211.5000, 369, 243, 1149.5000, 954.5000, 814.5000, 559, 174, 233, 208, 254, 96, 130.5000, 527.5000, 101, 0, 289, 0, 279.5000, 4092, 5590, 11135, 4094, 0, 166.5000, 385, 144.5000, 377.5000, 257, 4304.5000, 168], [323, 706, 292, 1029.5000, 1419.5000, 1812, 784.5000, 3723.5000, 170, 1432, 124.5000, 1898, 122.5000, 321, 328, 520.5000, 245, 346, 455.5000, 509, 776.5000, 1229, 385, 3724.5000, 91.5000, 141.5000, 94, 478, 68, 234, 239.5000, 479.5000, 336.5000, 557.5000, 276.5000, 783, 1633.5000, 2620, 671, 4166, 310.5000, 595.5000, 258.5000, 796.5000, 167.5000, 427, 304.5000, 564, 0, 922, 0, 2450, 10633.5000, 23476.5000, 4094, 89129, 0, 495.5000, 315, 892.5000, 234, 779.5000, 306, 1915], [0, 0, 0, 0, 0, 0, 0, 0, 0, 0, 0, 0, 0, 0, 0, 0, 0, 0, 0, 0, 0, 0, 0, 0, 0, 0, 0, 0, 0, 0, 0, 0, 0, 0, 0, 0, 0, 0, 0, 0, 0, 0, 0, 0, 0, 0, 0, 0, 666.5000, 0, 257, 0, 0, 0, 0, 0, 1973, 0, 0, 0, 0, 0, 0, 0], [100, 426.5000, 119, 353, 142, 524.5000, 90, 207, 95.5000, 959.5000, 110.5000, 555, 61.5000, 245, 139.5000, 149.5000, 133.5000, 359.5000, 194.5000, 195, 37.5000, 218, 49, 49.5000, 119.5000, 982, 143.5000, 684, 51, 284, 429, 135.5000, 50.5000, 412.5000, 38, 130.5000, 183.5000, 1220, 132, 289.5000, 168.5000, 618.5000, 169, 312, 34, 340, 155.5000, 227.5000, 0, 1480.5000, 0, 803.5000, 213, 917.5000, 166.5000, 495.5000, 0, 38816, 636, 22659.5000, 78, 748, 172, 402], [146, 259.5000, 528.5000, 441, 171.5000, 313, 291.5000, 480, 338.5000, 333, 562.5000, 845, 117, 135.5000, 514, 217.5000, 239.5000, 317, 727, 230, 72, 155.5000, 153, 171.5000, 394.5000, 279.5000, 1247.5000, 393.5000, 98.5000, 186, 569.5000, 118.5000, 143.5000, 345.5000, 339.5000, 282, 124.5000, 660.5000, 480.5000, 435.5000, 295.5000, 536.5000, 1911.5000, 654.5000, 200.5000, 229.5000, 474.5000, 212.5000, 0, 2506, 0, 1532, 209, 305.5000, 385, 315, 0, 636, 121910, 566, 158.5000, 1315.5000, 2092.5000, 1347], [90.5000, 223, 90.5000, 365, 145.5000, 243.5000, 97, 390, 143, 536.5000, 127.5000, 1187, 47.5000, 133.5000, 138.5000, 221.5000, 139, 227, 217, 443.5000, 47.5000, 96, 26.5000, 131, 120, 442.5000, 115.5000, 520.5000, 47.5000, 143, 170.5000, 210.5000, 76, 156, 57, 207, 164.5000, 512.5000, 138, 457, 182.5000, 336.5000, 233.5000, 615, 50.5000, 186.5000, 158.5000, 344, 0, 642.5000, 0, 1528, 306.5000, 515, 144.5000, 892.5000, 0, 22659.5000, 566, 112221, 83, 404, 191, 788.5000], [162.5000, 44.5000, 103, 82.5000, 527, 162, 144, 189.5000, 157.5000, 66.5000, 72.5000, 147.5000, 767, 541, 1029.5000, 582.5000, 165.5000, 72.5000, 269, 73.5000, 281, 66.5000, 60, 152, 75.5000, 50, 55, 59, 1671.5000, 2112.5000, 5987, 1758.5000, 174.5000, 44.5000, 78.5000, 74, 606, 224, 154, 212.5000, 145, 57, 59.5000, 76, 583, 384.5000, 950, 343.5000, 0, 321.5000, 0, 205, 839, 240, 377.5000, 234, 0, 78, 158.5000, 83, 6020, 1121.5000, 3934.5000, 1012], [124.5000, 756, 152, 417, 265.5000, 1076, 142, 364.5000, 115.5000, 865.5000, 204.5000, 391, 514.5000, 2979.5000, 951.5000, 933.5000, 129, 966, 200.5000, 278.5000, 111.5000, 440.5000, 64.5000, 106.5000, 36, 701, 69, 147.5000, 414.5000, 4311.5000, 1998, 1460, 214, 798.5000, 120, 303.5000, 225, 1588.5000, 221.5000, 344, 114.5000, 596.5000, 389, 332, 247.5000, 4210, 640, 779.5000, 0, 12154.5000, 0, 4815.5000, 379, 3260.5000, 257, 779.5000, 0, 748, 1315.5000, 404, 1121.5000, 109596, 2085, 29143], [152, 192, 393, 208, 331.5000, 268, 317.5000, 285.5000, 128.5000, 156.5000, 174.5000, 189, 832.5000, 1084, 4548, 947.5000, 169.5000, 125, 707.5000, 113.5000, 166.5000, 173.5000, 149.5000, 147.5000, 68, 171.5000, 198.5000, 114, 2617.5000, 4121, 19802.5000, 3353, 197.5000, 128.5000, 323, 146, 270, 299, 500, 227.5000, 128, 187, 1124, 146, 571.5000, 720.5000, 4024.5000, 613, 0, 589, 0, 538.5000, 696.5000, 337.5000, 4304.5000, 306, 0, 172, 2092.5000, 191, 3934.5000, 2085, 19607, 2275], [132, 331, 127.5000, 624.5000, 223.5000, 309, 170, 691.5000, 127, 333, 129, 676, 429.5000, 1018, 1292, 1567.5000, 140.5000, 461.5000, 206, 522.5000, 89.5000, 199, 89, 535.5000, 63, 187.5000, 112, 255.5000, 405, 1611, 1749, 2654, 168.5000, 287.5000, 154.5000, 465.5000, 200.5000, 579, 373, 828, 165, 352, 961, 576.5000, 232, 927, 728.5000, 1081, 0, 4892.5000, 0, 7899, 410.5000, 1152.5000, 168, 1915, 0, 402, 1347, 788.5000, 1012, 29143, 2275, 45251]];

