# Codon transition counts for [HUMAN, MOUSE, CHICK, XENTR, BRARE]
# Iteration round 3
# Selected PAM range was 0 to 30
# Selected f2 range was 0.6 to 1
# The matrix was EukaryotaApr06
# 5 files with 22845 alignments are summarized
# Total number of counted positions is 11303088
# max is 307426, min is 1.5
CodonCounts := [[174866, 1113.5000, 79953, 1094.5000, 937.5000, 209.5000, 233, 227, 7072.5000, 374.5000, 3094, 302, 198, 56, 240.5000, 51.5000, 1567, 189.5000, 1509.5000, 167.5000, 124, 47.5000, 27.5000, 41, 912.5000, 518, 898, 305.5000, 27.5000, 15.5000, 73, 23.5000, 1645, 178, 834.5000, 171, 242.5000, 86.5000, 47, 98.5000, 247.5000, 79, 100, 68.5000, 82.5000, 26, 104, 31, 0, 14.5000, 0, 18.5000, 99.5000, 45, 28.5000, 56, 0, 17, 23.5000, 22, 33, 7.5000, 28.5000, 10], [1113.5000, 151316, 1233, 52471, 468, 1968, 218, 860.5000, 170.5000, 9527, 161.5000, 3236.5000, 42.5000, 298, 101, 136, 197, 1755, 406.5000, 749, 56, 156, 33.5000, 82, 40.5000, 166.5000, 51.5000, 65.5000, 9, 67.5000, 46, 30.5000, 338, 3094.5000, 421, 1305, 154.5000, 543, 84.5000, 287, 211.5000, 1236, 215.5000, 394.5000, 21.5000, 118, 63, 66.5000, 0, 273, 0, 113.5000, 131.5000, 339, 55.5000, 202, 0, 148.5000, 4.5000, 91, 9.5000, 50, 15, 27.5000], [79953, 1233, 270063, 1214, 675.5000, 273.5000, 523, 214, 3747.5000, 448, 7683, 321.5000, 98, 52.5000, 698, 46, 847.5000, 239.5000, 3676, 164.5000, 96.5000, 53.5000, 73, 46.5000, 703.5000, 887, 1874, 409.5000, 25, 33.5000, 168, 25, 790.5000, 228.5000, 2395.5000, 209, 208.5000, 115.5000, 116, 97.5000, 147, 97.5000, 275, 67, 53.5000, 37, 180.5000, 39.5000, 0, 21, 0, 20.5000, 89.5000, 66.5000, 38, 59, 0, 24.5000, 55.5000, 25, 16.5000, 11, 58.5000, 9], [1094.5000, 52471, 1214, 111524, 503.5000, 790.5000, 190.5000, 1552, 183, 3926, 172.5000, 6833, 47, 128.5000, 126, 308.5000, 206.5000, 823, 338.5000, 1346, 62.5000, 86, 16.5000, 123.5000, 36.5000, 71, 54.5000, 111.5000, 10, 34.5000, 43, 70, 364, 1330, 416.5000, 2810.5000, 153.5000, 249.5000, 58, 410.5000, 199.5000, 492.5000, 169.5000, 665.5000, 31.5000, 49, 58, 114, 0, 127, 0, 264.5000, 112.5000, 160, 49.5000, 281.5000, 0, 70.5000, 8, 150.5000, 14.5000, 22, 20.5000, 42], [937.5000, 468, 675.5000, 503.5000, 84021, 21468.5000, 19991, 21147.5000, 420.5000, 838.5000, 217, 639.5000, 1305.5000, 433, 2109, 444, 185.5000, 51, 248.5000, 47.5000, 1248.5000, 374, 285, 428, 42.5000, 22.5000, 43.5000, 18.5000, 123.5000, 77.5000, 329, 71, 251.5000, 63.5000, 212.5000, 75.5000, 5126, 1608.5000, 1082.5000, 1628, 262.5000, 144, 176, 110.5000, 595, 266.5000, 1002.5000, 287, 0, 9.5000, 0, 19, 2428.5000, 939, 566.5000, 1163.5000, 0, 40.5000, 12, 56.5000, 135.5000, 33.5000, 181.5000, 29.5000], [209.5000, 1968, 273.5000, 790.5000, 21468.5000, 101736, 11359.5000, 27524, 87, 3651, 99.5000, 1060, 283.5000, 1755.5000, 776, 613, 57.5000, 133.5000, 146, 52, 332, 1146, 160, 521, 17.5000, 50.5000, 25, 14, 26, 192, 141, 87.5000, 95, 217.5000, 119.5000, 101, 1294, 6985.5000, 645, 2127.5000, 101, 486, 109, 145.5000, 154, 932, 472.5000, 337, 0, 43.5000, 0, 25, 755.5000, 2692.5000, 348, 1219, 0, 117.5000, 4, 59, 42.5000, 97.5000, 75.5000, 37.5000], [233, 218, 523, 190.5000, 19991, 11359.5000, 15978, 9826, 88.5000, 445, 162, 303, 264, 183, 1457.5000, 193, 47.5000, 24.5000, 134, 25, 246, 173.5000, 191, 166.5000, 14, 13.5000, 37, 11.5000, 34, 31.5000, 203.5000, 33, 65, 28.5000, 138, 26.5000, 1074, 779.5000, 843.5000, 640, 72, 80.5000, 119.5000, 44.5000, 130.5000, 137, 598.5000, 110.5000, 0, 9, 0, 4, 542.5000, 465, 375, 439.5000, 0, 18, 9.5000, 27.5000, 33, 13, 93, 14], [227, 860.5000, 214, 1552, 21147.5000, 27524, 9826, 61430, 105, 1491.5000, 86.5000, 2147.5000, 303, 630, 786, 1408, 58, 61, 128.5000, 90, 379.5000, 482, 158.5000, 1100, 18.5000, 22, 27.5000, 32.5000, 31, 77, 132, 131.5000, 84.5000, 112, 102, 162, 1311.5000, 2190, 541.5000, 4324, 119.5000, 227, 102.5000, 259.5000, 164, 349, 478, 705, 0, 17.5000, 0, 37, 815, 1075, 329, 2356, 0, 69.5000, 5, 101, 42.5000, 43, 64.5000, 84.5000], [7072.5000, 170.5000, 3747.5000, 183, 420.5000, 87, 88.5000, 105, 70169, 590.5000, 23877.5000, 427, 136.5000, 26.5000, 123, 23, 452.5000, 123.5000, 521.5000, 107, 68, 19, 20, 23, 9908.5000, 3487, 7101.5000, 2607.5000, 40.5000, 14, 58, 12.5000, 227.5000, 42.5000, 143, 39.5000, 109, 36.5000, 34, 34.5000, 908, 159, 344.5000, 104.5000, 56.5000, 20.5000, 46, 13, 0, 9.5000, 0, 11.5000, 47.5000, 16.5000, 11.5000, 28.5000, 0, 39.5000, 69.5000, 27.5000, 14, 2.5000, 19, 4.5000], [374.5000, 9527, 448, 3926, 838.5000, 3651, 445, 1491.5000, 590.5000, 134807, 561, 38264, 67, 509, 137.5000, 212.5000, 85, 541.5000, 237.5000, 228.5000, 78, 231, 42.5000, 133.5000, 78.5000, 536, 133, 152.5000, 7.5000, 67, 50.5000, 37, 174, 822, 223, 390.5000, 289.5000, 1151, 158.5000, 483.5000, 950, 6831.5000, 995.5000, 1771, 53.5000, 254, 122.5000, 102.5000, 0, 97, 0, 56, 309, 930, 180.5000, 550.5000, 0, 975.5000, 22, 451.5000, 15.5000, 54.5000, 24, 24], [3094, 161.5000, 7683, 172.5000, 217, 99.5000, 162, 86.5000, 23877.5000, 561, 62224, 428.5000, 57, 19, 352, 22.5000, 239.5000, 141, 997, 103.5000, 41.5000, 29, 40, 18, 4830.5000, 3988, 13029, 2169.5000, 18, 27.5000, 113, 15, 98.5000, 25, 245, 27.5000, 70.5000, 42, 49, 35, 329, 166.5000, 964.5000, 107, 29.5000, 16, 113, 16, 0, 8, 0, 8.5000, 25.5000, 26, 15, 16, 0, 39.5000, 237.5000, 27, 7, 1.5000, 35, 7.5000], [302, 3236.5000, 321.5000, 6833, 639.5000, 1060, 303, 2147.5000, 427, 38264, 428.5000, 72764, 40.5000, 163.5000, 126, 328.5000, 82.5000, 180.5000, 163.5000, 318.5000, 64, 85.5000, 24.5000, 157.5000, 57.5000, 143, 83, 228, 8, 29, 31.5000, 52, 128, 301, 152.5000, 615, 225, 330.5000, 101, 647, 700, 1879.5000, 650, 2770, 29.5000, 88, 96, 174, 0, 50.5000, 0, 81, 224, 328, 96.5000, 548, 0, 340.5000, 20, 676.5000, 14.5000, 16, 18.5000, 45], [198, 42.5000, 98, 47, 1305.5000, 283.5000, 264, 303, 136.5000, 67, 57, 40.5000, 41371, 14854, 2903.5000, 13328, 30.5000, 8.5000, 42, 9.5000, 85, 26.5000, 13, 33.5000, 17.5000, 10, 18, 5, 734, 439, 1095, 363.5000, 63.5000, 8.5000, 48.5000, 12.5000, 386.5000, 132, 92.5000, 137, 71, 29, 42, 14.5000, 2975, 1204.5000, 2913, 1082, 0, 9, 0, 8.5000, 119, 37.5000, 21, 32, 0, 5.5000, 6.5000, 8, 788.5000, 88, 484.5000, 92], [56, 298, 52.5000, 128.5000, 433, 1755.5000, 183, 630, 26.5000, 509, 19, 163.5000, 14854, 155855, 2095, 47720, 21.5000, 49.5000, 49, 19.5000, 39.5000, 94.5000, 18.5000, 58, 7, 21.5000, 11.5000, 9, 319, 2717, 1389.5000, 951.5000, 29, 51, 29, 21.5000, 169.5000, 762.5000, 91, 267, 32.5000, 129.5000, 33.5000, 45, 1123, 9523, 3514, 3023, 0, 50, 0, 20, 39, 125.5000, 19.5000, 62.5000, 0, 55, 7, 18, 241.5000, 667.5000, 357, 257], [240.5000, 101, 698, 126, 2109, 776, 1457.5000, 786, 123, 137.5000, 352, 126, 2903.5000, 2095, 220018, 2139.5000, 103.5000, 34, 322, 43.5000, 150, 61.5000, 92.5000, 92.5000, 23.5000, 27.5000, 70, 13.5000, 766, 1005.5000, 6063, 730, 78, 21.5000, 206, 27.5000, 703, 399.5000, 397.5000, 348, 92, 60, 188.5000, 46, 1084.5000, 799.5000, 6760, 765, 0, 24.5000, 0, 25, 228.5000, 131.5000, 118.5000, 147.5000, 0, 18.5000, 55.5000, 17, 698, 162.5000, 2685, 177.5000], [51.5000, 136, 46, 308.5000, 444, 613, 193, 1408, 23, 212.5000, 22.5000, 328.5000, 13328, 47720, 2139.5000, 105930, 18.5000, 26, 44, 39, 40.5000, 49, 12.5000, 109, 4, 12, 10.5000, 8.5000, 273, 980.5000, 1063.5000, 1783.5000, 31.5000, 24, 29.5000, 51, 175.5000, 237.5000, 79.5000, 553.5000, 39, 52, 30, 83, 1095.5000, 3049, 2863.5000, 6550.5000, 0, 25.5000, 0, 34, 45.5000, 65, 16, 117, 0, 21.5000, 9, 60, 260, 221, 362.5000, 600.5000], [1567, 197, 847.5000, 206.5000, 185.5000, 57.5000, 47.5000, 58, 452.5000, 85, 239.5000, 82.5000, 30.5000, 21.5000, 103.5000, 18.5000, 63921, 1741.5000, 52092, 1508.5000, 1391, 299.5000, 362.5000, 341, 1105, 338.5000, 793, 247, 257.5000, 127.5000, 461, 120, 1546, 124.5000, 931, 127, 194.5000, 81.5000, 53, 87.5000, 125.5000, 37, 66, 26, 40.5000, 20, 75.5000, 29, 0, 82.5000, 0, 79.5000, 185.5000, 80, 42, 97, 0, 50, 57, 43.5000, 85, 17.5000, 88, 24.5000], [189.5000, 1755, 239.5000, 823, 51, 133.5000, 24.5000, 61, 123.5000, 541.5000, 141, 180.5000, 8.5000, 49.5000, 34, 26, 1741.5000, 108034, 4018, 38219.5000, 206.5000, 784.5000, 133, 359, 356.5000, 2164, 425.5000, 736.5000, 52, 511, 207, 234.5000, 110.5000, 531.5000, 186, 215, 41.5000, 120.5000, 28, 63.5000, 32, 169, 38, 51.5000, 8.5000, 44.5000, 35, 24, 0, 2131.5000, 0, 904, 43.5000, 181.5000, 22, 115.5000, 0, 294.5000, 29, 151, 16.5000, 179, 42, 87], [1509.5000, 406.5000, 3676, 338.5000, 248.5000, 146, 134, 128.5000, 521.5000, 237.5000, 997, 163.5000, 42, 49, 322, 44, 52092, 4018, 296492, 3117.5000, 1917.5000, 785, 1530.5000, 706, 1025.5000, 859, 4061.5000, 522, 274.5000, 331.5000, 2006, 273, 1551, 310, 4199, 263.5000, 286.5000, 226, 168, 161.5000, 155.5000, 118.5000, 288.5000, 69.5000, 54, 59.5000, 254.5000, 49.5000, 0, 174.5000, 0, 147, 251, 180.5000, 132.5000, 164, 0, 92.5000, 297, 85.5000, 116.5000, 40.5000, 320.5000, 41.5000], [167.5000, 749, 164.5000, 1346, 47.5000, 52, 25, 90, 107, 228.5000, 103.5000, 318.5000, 9.5000, 19.5000, 43.5000, 39, 1508.5000, 38219.5000, 3117.5000, 65929, 196.5000, 313.5000, 92, 602.5000, 260.5000, 735, 357.5000, 1105.5000, 41, 204, 156.5000, 385.5000, 119.5000, 193.5000, 145.5000, 393.5000, 31.5000, 58.5000, 13, 72.5000, 27.5000, 63.5000, 24.5000, 86.5000, 7.5000, 25.5000, 30, 29, 0, 818, 0, 1304.5000, 47.5000, 83.5000, 14.5000, 149.5000, 0, 123.5000, 34, 254.5000, 22, 87.5000, 36, 137], [124, 56, 96.5000, 62.5000, 1248.5000, 332, 246, 379.5000, 68, 78, 41.5000, 64, 85, 39.5000, 150, 40.5000, 1391, 206.5000, 1917.5000, 196.5000, 99594, 23206.5000, 20304.5000, 27886.5000, 144.5000, 58.5000, 165, 42, 550, 235, 1311, 229.5000, 119, 32.5000, 121, 37.5000, 1690.5000, 550.5000, 353.5000, 610, 101, 46.5000, 70.5000, 30.5000, 127, 61, 241, 69, 0, 11.5000, 0, 12.5000, 2824.5000, 844, 533.5000, 978, 0, 19, 23, 23.5000, 157.5000, 26, 209, 32], [47.5000, 156, 53.5000, 86, 374, 1146, 173.5000, 482, 19, 231, 29, 85.5000, 26.5000, 94.5000, 61.5000, 49, 299.5000, 784.5000, 785, 313.5000, 23206.5000, 101523, 11695, 37443.5000, 41, 238.5000, 103.5000, 76, 110, 907, 509, 327.5000, 41.5000, 67, 71, 36, 481.5000, 1916.5000, 273, 795, 52.5000, 155, 59, 43, 49.5000, 159.5000, 126.5000, 62, 0, 52.5000, 0, 16.5000, 727, 3504, 359.5000, 1454.5000, 0, 66.5000, 7, 40.5000, 42.5000, 129.5000, 77, 53], [27.5000, 33.5000, 73, 16.5000, 285, 160, 191, 158.5000, 20, 42.5000, 40, 24.5000, 13, 18.5000, 92.5000, 12.5000, 362.5000, 133, 1530.5000, 92, 20304.5000, 11695, 18432, 11293.5000, 43.5000, 51.5000, 220.5000, 31.5000, 154.5000, 149, 1044, 106, 41, 18, 82.5000, 10.5000, 409.5000, 326.5000, 410, 246, 34.5000, 38, 54.5000, 16.5000, 35.5000, 31, 125.5000, 25, 0, 11, 0, 11, 611.5000, 429.5000, 452.5000, 382, 0, 11.5000, 22.5000, 10, 50, 15.5000, 153.5000, 16], [41, 82, 46.5000, 123.5000, 428, 521, 166.5000, 1100, 23, 133.5000, 18, 157.5000, 33.5000, 58, 92.5000, 109, 341, 359, 706, 602.5000, 27886.5000, 37443.5000, 11293.5000, 101212, 46.5000, 98.5000, 72, 154.5000, 135.5000, 381, 480, 877, 48.5000, 32.5000, 63.5000, 58, 615.5000, 918, 247.5000, 1714.5000, 52.5000, 84, 56.5000, 74.5000, 42, 87.5000, 135, 170.5000, 0, 27.5000, 0, 47.5000, 848, 1430.5000, 338.5000, 3512.5000, 0, 49, 8, 92.5000, 48.5000, 49, 104, 105], [912.5000, 40.5000, 703.5000, 36.5000, 42.5000, 17.5000, 14, 18.5000, 9908.5000, 78.5000, 4830.5000, 57.5000, 17.5000, 7, 23.5000, 4, 1105, 356.5000, 1025.5000, 260.5000, 144.5000, 41, 43.5000, 46.5000, 26889, 9007, 14382.5000, 6111, 70, 43.5000, 104.5000, 33, 60.5000, 9.5000, 49, 10.5000, 27.5000, 17, 3, 11.5000, 191, 51.5000, 74, 28, 10.5000, 6.5000, 13.5000, 5, 0, 13.5000, 0, 19, 20.5000, 11, 9, 9, 0, 93, 97, 67.5000, 13.5000, 5.5000, 16, 6.5000], [518, 166.5000, 887, 71, 22.5000, 50.5000, 13.5000, 22, 3487, 536, 3988, 143, 10, 21.5000, 27.5000, 12, 338.5000, 2164, 859, 735, 58.5000, 238.5000, 51.5000, 98.5000, 9007, 61170, 11592.5000, 13741, 29.5000, 319.5000, 123, 79, 25.5000, 46.5000, 50, 17, 21.5000, 55.5000, 15, 25.5000, 56.5000, 313, 61.5000, 64.5000, 6.5000, 25, 16.5000, 6.5000, 0, 120, 0, 32, 15, 73, 7.5000, 30.5000, 0, 634.5000, 80.5000, 177.5000, 8.5000, 38.5000, 22, 12.5000], [898, 51.5000, 1874, 54.5000, 43.5000, 25, 37, 27.5000, 7101.5000, 133, 13029, 83, 18, 11.5000, 70, 10.5000, 793, 425.5000, 4061.5000, 357.5000, 165, 103.5000, 220.5000, 72, 14382.5000, 11592.5000, 54155, 7600, 55.5000, 64.5000, 453, 49.5000, 48.5000, 17.5000, 143, 14, 28.5000, 26, 32.5000, 26, 123.5000, 81, 323, 55, 11.5000, 7.5000, 42, 6.5000, 0, 21, 0, 11.5000, 28, 32, 30, 26.5000, 0, 100.5000, 583.5000, 86.5000, 15, 7, 69, 7], [305.5000, 65.5000, 409.5000, 111.5000, 18.5000, 14, 11.5000, 32.5000, 2607.5000, 152.5000, 2169.5000, 228, 5, 9, 13.5000, 8.5000, 247, 736.5000, 522, 1105.5000, 42, 76, 31.5000, 154.5000, 6111, 13741, 7600, 20176, 16, 77, 58, 120, 21, 17, 23, 30, 14.5000, 20.5000, 4, 28.5000, 40, 85, 38.5000, 100, 4.5000, 9, 10, 9.5000, 0, 39.5000, 0, 72.5000, 14.5000, 17.5000, 5.5000, 55.5000, 0, 159, 47.5000, 322.5000, 10, 13, 9.5000, 15.5000], [27.5000, 9, 25, 10, 123.5000, 26, 34, 31, 40.5000, 7.5000, 18, 8, 734, 319, 766, 273, 257.5000, 52, 274.5000, 41, 550, 110, 154.5000, 135.5000, 70, 29.5000, 55.5000, 16, 20186, 7949, 29280.5000, 6500.5000, 30.5000, 7.5000, 20, 4.5000, 123.5000, 36, 20.5000, 44, 15, 8, 17.5000, 3.5000, 381.5000, 158.5000, 514.5000, 133, 0, 19.5000, 0, 17.5000, 153.5000, 40, 34, 48.5000, 0, 8.5000, 30, 8, 7817.5000, 218.5000, 6367.5000, 214], [15.5000, 67.5000, 33.5000, 34.5000, 77.5000, 192, 31.5000, 77, 14, 67, 27.5000, 29, 439, 2717, 1005.5000, 980.5000, 127.5000, 511, 331.5000, 204, 235, 907, 149, 381, 43.5000, 319.5000, 64.5000, 77, 7949, 109409, 35840, 28352.5000, 12, 31, 32, 14, 65, 270, 44, 103.5000, 16, 56, 16, 12.5000, 199.5000, 1452.5000, 681.5000, 472, 0, 127.5000, 0, 56, 66.5000, 219, 29, 90, 0, 98, 26.5000, 43.5000, 3530.5000, 2435, 6241, 802.5000], [73, 46, 168, 43, 329, 141, 203.5000, 132, 58, 50.5000, 113, 31.5000, 1095, 1389.5000, 6063, 1063.5000, 461, 207, 2006, 156.5000, 1311, 509, 1044, 480, 104.5000, 123, 453, 58, 29280.5000, 35840, 254884, 27412.5000, 48.5000, 21.5000, 125.5000, 15, 294.5000, 224.5000, 246, 179, 48, 51, 99.5000, 22, 710.5000, 687, 3931, 570.5000, 0, 71, 0, 69, 364, 195, 235, 196, 0, 44, 202.5000, 45.5000, 13442.5000, 1026, 45215.5000, 895], [23.5000, 30.5000, 25, 70, 71, 87.5000, 33, 131.5000, 12.5000, 37, 15, 52, 363.5000, 951.5000, 730, 1783.5000, 120, 234.5000, 273, 385.5000, 229.5000, 327.5000, 106, 877, 33, 79, 49.5000, 120, 6500.5000, 28352.5000, 27412.5000, 70157, 15.5000, 15, 23, 20, 78, 108, 33.5000, 190.5000, 13.5000, 24.5000, 10, 27, 190.5000, 475, 493.5000, 1028.5000, 0, 60.5000, 0, 89, 62.5000, 74, 18, 180.5000, 0, 37, 25, 76, 3076, 722, 5661, 1640], [1645, 338, 790.5000, 364, 251.5000, 95, 65, 84.5000, 227.5000, 174, 98.5000, 128, 63.5000, 29, 78, 31.5000, 1546, 110.5000, 1551, 119.5000, 119, 41.5000, 41, 48.5000, 60.5000, 25.5000, 48.5000, 21, 30.5000, 12, 48.5000, 15.5000, 202947, 7894.5000, 101806.5000, 8373, 1173, 327.5000, 288.5000, 329, 1750.5000, 342, 668, 226.5000, 251.5000, 75.5000, 295, 96, 0, 26.5000, 0, 27, 124, 62.5000, 27, 66.5000, 0, 6, 10.5000, 14.5000, 29, 6, 33.5000, 5], [178, 3094.5000, 228.5000, 1330, 63.5000, 217.5000, 28.5000, 112, 42.5000, 822, 25, 301, 8.5000, 51, 21.5000, 24, 124.5000, 531.5000, 310, 193.5000, 32.5000, 67, 18, 32.5000, 9.5000, 46.5000, 17.5000, 17, 7.5000, 31, 21.5000, 15, 7894.5000, 194234, 10867.5000, 71000.5000, 185, 883.5000, 93, 310, 323, 1817.5000, 314.5000, 532.5000, 29, 204, 81.5000, 81.5000, 0, 137.5000, 0, 64, 41, 98.5000, 18, 60.5000, 0, 42, 6.5000, 32, 6, 16, 5, 11.5000], [834.5000, 421, 2395.5000, 416.5000, 212.5000, 119.5000, 138, 102, 143, 223, 245, 152.5000, 48.5000, 29, 206, 29.5000, 931, 186, 4199, 145.5000, 121, 71, 82.5000, 63.5000, 49, 50, 143, 23, 20, 32, 125.5000, 23, 101806.5000, 10867.5000, 307426, 9683.5000, 900, 490.5000, 753.5000, 415, 851.5000, 426.5000, 1868, 272, 167, 118.5000, 808, 114.5000, 0, 24.5000, 0, 31.5000, 113.5000, 76, 71, 75, 0, 10.5000, 26, 16, 22.5000, 10, 59.5000, 8], [171, 1305, 209, 2810.5000, 75.5000, 101, 26.5000, 162, 39.5000, 390.5000, 27.5000, 615, 12.5000, 21.5000, 27.5000, 51, 127, 215, 263.5000, 393.5000, 37.5000, 36, 10.5000, 58, 10.5000, 17, 14, 30, 4.5000, 14, 15, 20, 8373, 71000.5000, 9683.5000, 171079, 212, 328.5000, 79, 669.5000, 306, 688, 285, 1146, 47, 61, 78, 181, 0, 63, 0, 148.5000, 43, 55, 12, 113.5000, 0, 16.5000, 5.5000, 55.5000, 4.5000, 8, 14.5000, 14.5000], [242.5000, 154.5000, 208.5000, 153.5000, 5126, 1294, 1074, 1311.5000, 109, 289.5000, 70.5000, 225, 386.5000, 169.5000, 703, 175.5000, 194.5000, 41.5000, 286.5000, 31.5000, 1690.5000, 481.5000, 409.5000, 615.5000, 27.5000, 21.5000, 28.5000, 14.5000, 123.5000, 65, 294.5000, 78, 1173, 185, 900, 212, 88289, 25612.5000, 16906.5000, 27931.5000, 1542.5000, 527, 879.5000, 395, 1533, 622, 2720, 683.5000, 0, 16, 0, 13, 2903, 1104.5000, 666.5000, 1359, 0, 59.5000, 14, 61.5000, 166, 31, 187.5000, 39.5000], [86.5000, 543, 115.5000, 249.5000, 1608.5000, 6985.5000, 779.5000, 2190, 36.5000, 1151, 42, 330.5000, 132, 762.5000, 399.5000, 237.5000, 81.5000, 120.5000, 226, 58.5000, 550.5000, 1916.5000, 326.5000, 918, 17, 55.5000, 26, 20.5000, 36, 270, 224.5000, 108, 327.5000, 883.5000, 490.5000, 328.5000, 25612.5000, 159395, 12078, 45596, 572.5000, 2254.5000, 570.5000, 611.5000, 462, 3501, 1611.5000, 1067, 0, 59, 0, 22.5000, 1139.5000, 4486.5000, 591, 1940, 0, 168, 17, 82.5000, 58, 170.5000, 103, 66], [47, 84.5000, 116, 58, 1082.5000, 645, 843.5000, 541.5000, 34, 158.5000, 49, 101, 92.5000, 91, 397.5000, 79.5000, 53, 28, 168, 13, 353.5000, 273, 410, 247.5000, 3, 15, 32.5000, 4, 20.5000, 44, 246, 33.5000, 288.5000, 93, 753.5000, 79, 16906.5000, 12078, 19453, 10665.5000, 365, 304.5000, 732, 163.5000, 367.5000, 342.5000, 2176, 300, 0, 6, 0, 7.5000, 629, 576, 626, 488, 0, 28.5000, 14.5000, 23, 43, 20.5000, 118, 13.5000], [98.5000, 287, 97.5000, 410.5000, 1628, 2127.5000, 640, 4324, 34.5000, 483.5000, 35, 647, 137, 267, 348, 553.5000, 87.5000, 63.5000, 161.5000, 72.5000, 610, 795, 246, 1714.5000, 11.5000, 25.5000, 26, 28.5000, 44, 103.5000, 179, 190.5000, 329, 310, 415, 669.5000, 27931.5000, 45596, 10665.5000, 106215, 520, 874, 475, 1097.5000, 467.5000, 1041.5000, 1426, 2463.5000, 0, 23, 0, 33, 1187.5000, 1643, 498, 3412.5000, 0, 84, 9, 135, 56.5000, 58.5000, 90, 114.5000], [247.5000, 211.5000, 147, 199.5000, 262.5000, 101, 72, 119.5000, 908, 950, 329, 700, 71, 32.5000, 92, 39, 125.5000, 32, 155.5000, 27.5000, 101, 52.5000, 34.5000, 52.5000, 191, 56.5000, 123.5000, 40, 15, 16, 48, 13.5000, 1750.5000, 323, 851.5000, 306, 1542.5000, 572.5000, 365, 520, 106032, 23254, 35188.5000, 16077, 300, 103, 360, 126, 0, 6.5000, 0, 7, 172, 98, 45, 104.5000, 0, 76, 40, 76.5000, 20.5000, 9.5000, 21.5000, 7], [79, 1236, 97.5000, 492.5000, 144, 486, 80.5000, 227, 159, 6831.5000, 166.5000, 1879.5000, 29, 129.5000, 60, 52, 37, 169, 118.5000, 63.5000, 46.5000, 155, 38, 84, 51.5000, 313, 81, 85, 8, 56, 51, 24.5000, 342, 1817.5000, 426.5000, 688, 527, 2254.5000, 304.5000, 874, 23254, 136115, 20334, 29965.5000, 78.5000, 520.5000, 223.5000, 183.5000, 0, 46, 0, 20, 77, 265, 51, 126.5000, 0, 583, 31, 237, 10, 42.5000, 16.5000, 18.5000], [100, 215.5000, 275, 169.5000, 176, 109, 119.5000, 102.5000, 344.5000, 995.5000, 964.5000, 650, 42, 33.5000, 188.5000, 30, 66, 38, 288.5000, 24.5000, 70.5000, 59, 54.5000, 56.5000, 74, 61.5000, 323, 38.5000, 17.5000, 16, 99.5000, 10, 668, 314.5000, 1868, 285, 879.5000, 570.5000, 732, 475, 35188.5000, 20334, 81510, 12902, 181, 132.5000, 884.5000, 132.5000, 0, 7, 0, 11, 121.5000, 96, 81.5000, 93.5000, 0, 76.5000, 207.5000, 71, 14, 10, 56, 8.5000], [68.5000, 394.5000, 67, 665.5000, 110.5000, 145.5000, 44.5000, 259.5000, 104.5000, 1771, 107, 2770, 14.5000, 45, 46, 83, 26, 51.5000, 69.5000, 86.5000, 30.5000, 43, 16.5000, 74.5000, 28, 64.5000, 55, 100, 3.5000, 12.5000, 22, 27, 226.5000, 532.5000, 272, 1146, 395, 611.5000, 163.5000, 1097.5000, 16077, 29965.5000, 12902, 55010, 63, 143.5000, 163, 322.5000, 0, 14, 0, 31, 58.5000, 92.5000, 31.5000, 166, 0, 159, 18.5000, 320.5000, 4, 14, 13, 23], [82.5000, 21.5000, 53.5000, 31.5000, 595, 154, 130.5000, 164, 56.5000, 53.5000, 29.5000, 29.5000, 2975, 1123, 1084.5000, 1095.5000, 40.5000, 8.5000, 54, 7.5000, 127, 49.5000, 35.5000, 42, 10.5000, 6.5000, 11.5000, 4.5000, 381.5000, 199.5000, 710.5000, 190.5000, 251.5000, 29, 167, 47, 1533, 462, 367.5000, 467.5000, 300, 78.5000, 181, 63, 27029, 7804.5000, 30026, 8382, 0, 4.5000, 0, 8, 155, 62.5000, 39, 63, 0, 11, 4, 12.5000, 530, 66.5000, 367, 65], [26, 118, 37, 49, 266.5000, 932, 137, 349, 20.5000, 254, 16, 88, 1204.5000, 9523, 799.5000, 3049, 20, 44.5000, 59.5000, 25.5000, 61, 159.5000, 31, 87.5000, 6.5000, 25, 7.5000, 9, 158.5000, 1452.5000, 687, 475, 75.5000, 204, 118.5000, 61, 622, 3501, 342.5000, 1041.5000, 103, 520.5000, 132.5000, 143.5000, 7804.5000, 80864, 24477, 20896, 0, 39, 0, 18, 72.5000, 209.5000, 32.5000, 109.5000, 0, 62.5000, 5.5000, 24.5000, 161, 546, 229.5000, 200.5000], [104, 63, 180.5000, 58, 1002.5000, 472.5000, 598.5000, 478, 46, 122.5000, 113, 96, 2913, 3514, 6760, 2863.5000, 75.5000, 35, 254.5000, 30, 241, 126.5000, 125.5000, 135, 13.5000, 16.5000, 42, 10, 514.5000, 681.5000, 3931, 493.5000, 295, 81.5000, 808, 78, 2720, 1611.5000, 2176, 1426, 360, 223.5000, 884.5000, 163, 30026, 24477, 197767, 23592.5000, 0, 20.5000, 0, 16.5000, 290, 167, 167.5000, 186, 0, 52.5000, 40, 34, 528, 203, 1805, 187], [31, 66.5000, 39.5000, 114, 287, 337, 110.5000, 705, 13, 102.5000, 16, 174, 1082, 3023, 765, 6550.5000, 29, 24, 49.5000, 29, 69, 62, 25, 170.5000, 5, 6.5000, 6.5000, 9.5000, 133, 472, 570.5000, 1028.5000, 96, 81.5000, 114.5000, 181, 683.5000, 1067, 300, 2463.5000, 126, 183.5000, 132.5000, 322.5000, 8382, 20896, 23592.5000, 59909, 0, 19, 0, 35, 84, 107.5000, 26.5000, 208.5000, 0, 26, 9, 46.5000, 174.5000, 188, 259, 442.5000], [0, 0, 0, 0, 0, 0, 0, 0, 0, 0, 0, 0, 0, 0, 0, 0, 0, 0, 0, 0, 0, 0, 0, 0, 0, 0, 0, 0, 0, 0, 0, 0, 0, 0, 0, 0, 0, 0, 0, 0, 0, 0, 0, 0, 0, 0, 0, 0, 3038, 0, 607, 0, 0, 0, 0, 0, 799, 0, 0, 0, 0, 0, 0, 0], [14.5000, 273, 21, 127, 9.5000, 43.5000, 9, 17.5000, 9.5000, 97, 8, 50.5000, 9, 50, 24.5000, 25.5000, 82.5000, 2131.5000, 174.5000, 818, 11.5000, 52.5000, 11, 27.5000, 13.5000, 120, 21, 39.5000, 19.5000, 127.5000, 71, 60.5000, 26.5000, 137.5000, 24.5000, 63, 16, 59, 6, 23, 6.5000, 46, 7, 14, 4.5000, 39, 20.5000, 19, 0, 129273, 0, 46595.5000, 41.5000, 321.5000, 24, 152, 0, 769.5000, 62.5000, 388, 27.5000, 2939.5000, 34.5000, 1499], [0, 0, 0, 0, 0, 0, 0, 0, 0, 0, 0, 0, 0, 0, 0, 0, 0, 0, 0, 0, 0, 0, 0, 0, 0, 0, 0, 0, 0, 0, 0, 0, 0, 0, 0, 0, 0, 0, 0, 0, 0, 0, 0, 0, 0, 0, 0, 0, 607, 0, 2172, 0, 0, 0, 0, 0, 212.5000, 0, 0, 0, 0, 0, 0, 0], [18.5000, 113.5000, 20.5000, 264.5000, 19, 25, 4, 37, 11.5000, 56, 8.5000, 81, 8.5000, 20, 25, 34, 79.5000, 904, 147, 1304.5000, 12.5000, 16.5000, 11, 47.5000, 19, 32, 11.5000, 72.5000, 17.5000, 56, 69, 89, 27, 64, 31.5000, 148.5000, 13, 22.5000, 7.5000, 33, 7, 20, 11, 31, 8, 18, 16.5000, 35, 0, 46595.5000, 0, 87523, 61.5000, 122.5000, 28, 299, 0, 350.5000, 67.5000, 857, 41.5000, 1317.5000, 54, 2321.5000], [99.5000, 131.5000, 89.5000, 112.5000, 2428.5000, 755.5000, 542.5000, 815, 47.5000, 309, 25.5000, 224, 119, 39, 228.5000, 45.5000, 185.5000, 43.5000, 251, 47.5000, 2824.5000, 727, 611.5000, 848, 20.5000, 15, 28, 14.5000, 153.5000, 66.5000, 364, 62.5000, 124, 41, 113.5000, 43, 2903, 1139.5000, 629, 1187.5000, 172, 77, 121.5000, 58.5000, 155, 72.5000, 290, 84, 0, 41.5000, 0, 61.5000, 61181, 17777, 12612, 18856, 0, 153, 83.5000, 181, 679, 109.5000, 712, 124.5000], [45, 339, 66.5000, 160, 939, 2692.5000, 465, 1075, 16.5000, 930, 26, 328, 37.5000, 125.5000, 131.5000, 65, 80, 181.5000, 180.5000, 83.5000, 844, 3504, 429.5000, 1430.5000, 11, 73, 32, 17.5000, 40, 219, 195, 74, 62.5000, 98.5000, 76, 55, 1104.5000, 4486.5000, 576, 1643, 98, 265, 96, 92.5000, 62.5000, 209.5000, 167, 107.5000, 0, 321.5000, 0, 122.5000, 17777, 101063, 8900, 32963, 0, 764.5000, 40, 343, 159.5000, 725, 265, 240], [28.5000, 55.5000, 38, 49.5000, 566.5000, 348, 375, 329, 11.5000, 180.5000, 15, 96.5000, 21, 19.5000, 118.5000, 16, 42, 22, 132.5000, 14.5000, 533.5000, 359.5000, 452.5000, 338.5000, 9, 7.5000, 30, 5.5000, 34, 29, 235, 18, 27, 18, 71, 12, 666.5000, 591, 626, 498, 45, 51, 81.5000, 31.5000, 39, 32.5000, 167.5000, 26.5000, 0, 24, 0, 28, 12612, 8900, 11986, 8562.5000, 0, 69.5000, 84, 77.5000, 106, 56.5000, 443.5000, 50.5000], [56, 202, 59, 281.5000, 1163.5000, 1219, 439.5000, 2356, 28.5000, 550.5000, 16, 548, 32, 62.5000, 147.5000, 117, 97, 115.5000, 164, 149.5000, 978, 1454.5000, 382, 3512.5000, 9, 30.5000, 26.5000, 55.5000, 48.5000, 90, 196, 180.5000, 66.5000, 60.5000, 75, 113.5000, 1359, 1940, 488, 3412.5000, 104.5000, 126.5000, 93.5000, 166, 63, 109.5000, 186, 208.5000, 0, 152, 0, 299, 18856, 32963, 8562.5000, 84610, 0, 414, 31, 962, 147, 272, 323.5000, 636], [0, 0, 0, 0, 0, 0, 0, 0, 0, 0, 0, 0, 0, 0, 0, 0, 0, 0, 0, 0, 0, 0, 0, 0, 0, 0, 0, 0, 0, 0, 0, 0, 0, 0, 0, 0, 0, 0, 0, 0, 0, 0, 0, 0, 0, 0, 0, 0, 799, 0, 212.5000, 0, 0, 0, 0, 0, 5776, 0, 0, 0, 0, 0, 0, 0], [17, 148.5000, 24.5000, 70.5000, 40.5000, 117.5000, 18, 69.5000, 39.5000, 975.5000, 39.5000, 340.5000, 5.5000, 55, 18.5000, 21.5000, 50, 294.5000, 92.5000, 123.5000, 19, 66.5000, 11.5000, 49, 93, 634.5000, 100.5000, 159, 8.5000, 98, 44, 37, 6, 42, 10.5000, 16.5000, 59.5000, 168, 28.5000, 84, 76, 583, 76.5000, 159, 11, 62.5000, 52.5000, 26, 0, 769.5000, 0, 350.5000, 153, 764.5000, 69.5000, 414, 0, 91556, 210.5000, 31244, 23, 439, 32, 175], [23.5000, 4.5000, 55.5000, 8, 12, 4, 9.5000, 5, 69.5000, 22, 237.5000, 20, 6.5000, 7, 55.5000, 9, 57, 29, 297, 34, 23, 7, 22.5000, 8, 97, 80.5000, 583.5000, 47.5000, 30, 26.5000, 202.5000, 25, 10.5000, 6.5000, 26, 5.5000, 14, 17, 14.5000, 9, 40, 31, 207.5000, 18.5000, 4, 5.5000, 40, 9, 0, 62.5000, 0, 67.5000, 83.5000, 40, 84, 31, 0, 210.5000, 129952, 197, 31, 66.5000, 298.5000, 78], [22, 91, 25, 150.5000, 56.5000, 59, 27.5000, 101, 27.5000, 451.5000, 27, 676.5000, 8, 18, 17, 60, 43.5000, 151, 85.5000, 254.5000, 23.5000, 40.5000, 10, 92.5000, 67.5000, 177.5000, 86.5000, 322.5000, 8, 43.5000, 45.5000, 76, 14.5000, 32, 16, 55.5000, 61.5000, 82.5000, 23, 135, 76.5000, 237, 71, 320.5000, 12.5000, 24.5000, 34, 46.5000, 0, 388, 0, 857, 181, 343, 77.5000, 962, 0, 31244, 197, 73267, 21, 188, 46.5000, 399], [33, 9.5000, 16.5000, 14.5000, 135.5000, 42.5000, 33, 42.5000, 14, 15.5000, 7, 14.5000, 788.5000, 241.5000, 698, 260, 85, 16.5000, 116.5000, 22, 157.5000, 42.5000, 50, 48.5000, 13.5000, 8.5000, 15, 10, 7817.5000, 3530.5000, 13442.5000, 3076, 29, 6, 22.5000, 4.5000, 166, 58, 43, 56.5000, 20.5000, 10, 14, 4, 530, 161, 528, 174.5000, 0, 27.5000, 0, 41.5000, 679, 159.5000, 106, 147, 0, 23, 31, 21, 36512, 612.5000, 14215, 577], [7.5000, 50, 11, 22, 33.5000, 97.5000, 13, 43, 2.5000, 54.5000, 1.5000, 16, 88, 667.5000, 162.5000, 221, 17.5000, 179, 40.5000, 87.5000, 26, 129.5000, 15.5000, 49, 5.5000, 38.5000, 7, 13, 218.5000, 2435, 1026, 722, 6, 16, 10, 8, 31, 170.5000, 20.5000, 58.5000, 9.5000, 42.5000, 10, 14, 66.5000, 546, 203, 188, 0, 2939.5000, 0, 1317.5000, 109.5000, 725, 56.5000, 272, 0, 439, 66.5000, 188, 612.5000, 166355, 874, 50129.5000], [28.5000, 15, 58.5000, 20.5000, 181.5000, 75.5000, 93, 64.5000, 19, 24, 35, 18.5000, 484.5000, 357, 2685, 362.5000, 88, 42, 320.5000, 36, 209, 77, 153.5000, 104, 16, 22, 69, 9.5000, 6367.5000, 6241, 45215.5000, 5661, 33.5000, 5, 59.5000, 14.5000, 187.5000, 103, 118, 90, 21.5000, 16.5000, 56, 13, 367, 229.5000, 1805, 259, 0, 34.5000, 0, 54, 712, 265, 443.5000, 323.5000, 0, 32, 298.5000, 46.5000, 14215, 874, 59736, 966.5000], [10, 27.5000, 9, 42, 29.5000, 37.5000, 14, 84.5000, 4.5000, 24, 7.5000, 45, 92, 257, 177.5000, 600.5000, 24.5000, 87, 41.5000, 137, 32, 53, 16, 105, 6.5000, 12.5000, 7, 15.5000, 214, 802.5000, 895, 1640, 5, 11.5000, 8, 14.5000, 39.5000, 66, 13.5000, 114.5000, 7, 18.5000, 8.5000, 23, 65, 200.5000, 187, 442.5000, 0, 1499, 0, 2321.5000, 124.5000, 240, 50.5000, 636, 0, 175, 78, 399, 577, 50129.5000, 966.5000, 139832]]:
