# 52635909 positions counted, 37720818 are identity (71.7%)
# Off-diagonal: max = 271953, min = 17,  0 are zeroes
CodonCounts := [[992193, 5320, 197664, 5805, 5329, 1128, 959.5000, 940.5000, 28248, 1865.5000, 9889.5000, 1668, 1471, 341, 1179, 356, 8459.5000, 885.5000, 6085.5000, 830.5000, 838.5000, 303, 218.5000, 319.5000, 2606.5000, 1029, 2441.5000, 562, 250.5000, 165, 413.5000, 152.5000, 13029.5000, 1295, 4769.5000, 1285, 1337, 520, 295.5000, 436, 1750.5000, 488.5000, 771.5000, 347.5000, 550, 203.5000, 537.5000, 190.5000, 0, 156, 0, 185, 681, 303, 145, 361, 0, 113.5000, 190.5000, 112.5000, 203.5000, 78.5000, 188.5000, 97.5000], [5320, 755340, 5630, 141633.5000, 1148.5000, 7319.5000, 567, 2528.5000, 1040, 32043.5000, 933, 9172, 203.5000, 1511.5000, 425.5000, 540.5000, 872, 6603.5000, 1600, 2404, 208, 734.5000, 111, 341, 158.5000, 796, 282.5000, 278.5000, 43, 367.5000, 175.5000, 142, 1698.5000, 14920, 1965.5000, 5302, 389, 2085, 219.5000, 749, 682.5000, 4419, 714, 1238.5000, 84.5000, 635, 223, 250.5000, 0, 1295, 0, 533, 329.5000, 1170.5000, 135, 648.5000, 0, 584, 59.5000, 290.5000, 47, 249.5000, 83.5000, 132], [197664, 5630, 1378161, 6138.5000, 3061.5000, 1216, 2725.5000, 1004.5000, 11632.5000, 2149.5000, 31286.5000, 1795.5000, 591.5000, 308, 3732, 341.5000, 3829.5000, 1146, 17156, 892.5000, 630.5000, 343.5000, 414, 297, 1784, 1904.5000, 6013, 751.5000, 173.5000, 208.5000, 897, 157.5000, 4854, 1423.5000, 15891, 1313.5000, 982, 710, 638.5000, 496.5000, 901.5000, 631.5000, 1932, 332, 279.5000, 225.5000, 1141, 214, 0, 166.5000, 0, 186, 489.5000, 341.5000, 242, 333, 0, 155, 517.5000, 133.5000, 133, 84, 420, 109], [5805, 141633.5000, 6138.5000, 645403, 1355, 2541.5000, 620.5000, 6076, 1182, 11829, 1112.5000, 26323, 235, 584.5000, 523.5000, 1684, 1032.5000, 2974.5000, 1630, 5982.5000, 243.5000, 380.5000, 91.5000, 642.5000, 167, 352.5000, 254.5000, 604, 76, 184.5000, 169, 323.5000, 2078, 5930.5000, 2277, 14516, 482, 948, 197, 1535, 742, 2029, 754.5000, 2780.5000, 118.5000, 286.5000, 265, 545.5000, 0, 534, 0, 1513.5000, 374.5000, 541, 115.5000, 1156, 0, 297, 74, 677.5000, 62, 137.5000, 94.5000, 309.5000], [5329, 1148.5000, 3061.5000, 1355, 524274, 53735, 63696.5000, 46817, 2875.5000, 2005, 1271.5000, 1614.5000, 7218.5000, 1535, 8051.5000, 1607.5000, 806, 219.5000, 978, 210, 5361, 1320.5000, 995.5000, 1451, 183, 93, 205, 73.5000, 622.5000, 329.5000, 1266.5000, 289.5000, 1764, 399, 1260.5000, 412, 20048, 5311, 3282.5000, 4418, 1148, 440.5000, 744.5000, 317.5000, 2605, 1011.5000, 3814, 873, 0, 73.5000, 0, 89, 8814.5000, 2681.5000, 1752, 2844.5000, 0, 103.5000, 132, 149.5000, 727, 203.5000, 843.5000, 218], [1128, 7319.5000, 1216, 2541.5000, 53735, 647969, 31716, 85719, 567.5000, 13078, 559, 3298, 1214.5000, 9370, 3078.5000, 2463.5000, 289, 639.5000, 550, 295.5000, 1199.5000, 5611, 574, 2221.5000, 82, 307.5000, 145, 91, 175, 1033, 671, 385.5000, 558.5000, 1374, 731, 558, 3702.5000, 30639.5000, 2046, 7384, 381, 2033, 453, 521.5000, 589, 4361.5000, 1879, 1320.5000, 0, 250.5000, 0, 146.5000, 2249, 10739.5000, 1090.5000, 4163.5000, 0, 444.5000, 60, 229, 185.5000, 680.5000, 378, 289.5000], [959.5000, 567, 2725.5000, 620.5000, 63696.5000, 31716, 138958, 25739, 415, 1066, 1087, 774, 1083, 726.5000, 8244, 683, 183, 91, 571, 65.5000, 769.5000, 543, 777.5000, 505, 57, 66.5000, 167.5000, 34.5000, 134.5000, 146, 824.5000, 132, 326.5000, 166.5000, 753.5000, 144.5000, 3047, 2460.5000, 3471, 1847.5000, 205.5000, 245.5000, 465.5000, 127, 499.5000, 423.5000, 2420, 368, 0, 26, 0, 30.5000, 1568, 1073, 1360, 1059.5000, 0, 64, 62.5000, 64, 130.5000, 81, 432.5000, 78.5000], [940.5000, 2528.5000, 1004.5000, 6076, 46817, 85719, 25739, 436947, 484.5000, 4439, 471.5000, 8416, 1108, 2626, 2954, 7970.5000, 283.5000, 315.5000, 476, 495.5000, 1201, 1963.5000, 494, 5196.5000, 68.5000, 135.5000, 104.5000, 162.5000, 167.5000, 418, 558, 792.5000, 514.5000, 584, 604.5000, 1103, 3621.5000, 8354, 1639, 19431.5000, 348, 830, 423, 1001, 604.5000, 1503, 1698, 3044.5000, 0, 128.5000, 0, 244, 2221, 3696, 948.5000, 8781.5000, 0, 221, 55, 420, 170.5000, 264.5000, 339.5000, 540.5000], [28248, 1040, 11632.5000, 1182, 2875.5000, 567.5000, 415, 484.5000, 443791, 3241, 64420.5000, 2565.5000, 1139.5000, 178, 721, 216, 2401.5000, 581, 2444.5000, 509.5000, 437.5000, 152, 125, 147, 23867.5000, 5583, 14409.5000, 3080, 209, 125.5000, 316.5000, 96, 1845.5000, 337.5000, 912, 304, 744, 294, 172.5000, 256, 6096.5000, 842.5000, 1710.5000, 551, 388, 120.5000, 337, 102, 0, 79, 0, 86, 307, 178, 71.5000, 186, 0, 172.5000, 460, 169.5000, 141.5000, 49.5000, 141, 67], [1865.5000, 32043.5000, 2149.5000, 11829, 2005, 13078, 1066, 4439, 3241, 749497, 3252, 106884.5000, 243.5000, 2564.5000, 537.5000, 786, 520, 2208.5000, 1111.5000, 940, 279, 992, 162, 507.5000, 390, 2746.5000, 524.5000, 646.5000, 53.5000, 474.5000, 240.5000, 173, 878.5000, 4001, 1139, 1716.5000, 732, 4345.5000, 462.5000, 1528.5000, 2501.5000, 26814, 3051, 5589, 156, 1165.5000, 435, 404, 0, 522.5000, 0, 277, 603.5000, 2470.5000, 340, 1329.5000, 0, 3676.5000, 163, 1416.5000, 57.5000, 327.5000, 109.5000, 155], [9889.5000, 933, 31286.5000, 1112.5000, 1271.5000, 559, 1087, 471.5000, 64420.5000, 3252, 415505, 2847, 334, 191.5000, 2126.5000, 221.5000, 1318.5000, 602, 4879, 492.5000, 306, 198, 234, 163, 9983.5000, 7059, 36290.5000, 3223, 125.5000, 159, 641, 104.5000, 851, 304.5000, 2000.5000, 277, 427.5000, 372, 346.5000, 232, 1707, 962.5000, 6371.5000, 544.5000, 150, 121.5000, 707.5000, 107, 0, 76.5000, 0, 89, 228.5000, 174.5000, 105, 165.5000, 0, 214.5000, 1581, 176, 76.5000, 54.5000, 249.5000, 53.5000], [1668, 9172, 1795.5000, 26323, 1614.5000, 3298, 774, 8416, 2565.5000, 106884.5000, 2847, 453618, 198.5000, 679.5000, 516.5000, 1897.5000, 451.5000, 883, 782.5000, 1610.5000, 254, 351, 108.5000, 674, 253, 614, 395, 1332.5000, 42.5000, 170, 169.5000, 301.5000, 805.5000, 1542.5000, 951, 3182.5000, 635.5000, 1338, 274, 2115, 1878, 6633, 2315, 11633, 136, 370, 336.5000, 752, 0, 195, 0, 512.5000, 537.5000, 850, 200.5000, 1605.5000, 0, 1041, 151.5000, 2887.5000, 53, 136.5000, 107, 261], [1471, 203.5000, 591.5000, 235, 7218.5000, 1214.5000, 1083, 1108, 1139.5000, 243.5000, 334, 198.5000, 265717, 31678, 12026, 23640.5000, 236.5000, 56, 230.5000, 57.5000, 516, 135.5000, 100, 156, 76.5000, 36, 68.5000, 25, 3429.5000, 1426.5000, 3649.5000, 952.5000, 510, 79, 328.5000, 106, 1864, 667.5000, 344.5000, 534.5000, 427, 101.5000, 233.5000, 71, 13487.5000, 3527, 9672.5000, 2612.5000, 0, 46, 0, 67.5000, 618.5000, 211, 89.5000, 192.5000, 0, 41, 61.5000, 49, 3540.5000, 432.5000, 1837, 456.5000], [341, 1511.5000, 308, 584.5000, 1535, 9370, 726.5000, 2626, 178, 2564.5000, 191.5000, 679.5000, 31678, 832789, 6996, 125586.5000, 107.5000, 254, 200, 142, 204, 607, 81.5000, 300.5000, 34, 135, 49, 45.5000, 980.5000, 11694, 3947, 3182, 177.5000, 356.5000, 226.5000, 161, 615.5000, 3638.5000, 335, 1146.5000, 154, 648, 186, 177.5000, 2808.5000, 39265, 9540.5000, 8654, 0, 254, 0, 148, 219, 742.5000, 75.5000, 371.5000, 0, 229.5000, 45.5000, 127.5000, 833.5000, 3456, 1088.5000, 1165], [1179, 425.5000, 3732, 523.5000, 8051.5000, 3078.5000, 8244, 2954, 721, 537.5000, 2126.5000, 516.5000, 12026, 6996, 988528, 7316, 383.5000, 144, 1368, 158, 747, 358.5000, 399.5000, 397.5000, 97.5000, 98.5000, 322, 51, 2646, 2673.5000, 20762.5000, 1924, 608.5000, 182.5000, 1269, 196, 2678.5000, 1613.5000, 1741, 1363.5000, 410.5000, 286.5000, 918.5000, 178.5000, 3875.5000, 2595.5000, 28420.5000, 2300.5000, 0, 110.5000, 0, 123.5000, 964.5000, 487, 506, 562, 0, 82.5000, 336, 96.5000, 2090, 706, 9518.5000, 815.5000], [356, 540.5000, 341.5000, 1684, 1607.5000, 2463.5000, 683, 7970.5000, 216, 786, 221.5000, 1897.5000, 23640.5000, 125586.5000, 7316, 607382, 106.5000, 131, 191, 279, 211.5000, 247.5000, 75, 598, 37, 66.5000, 54.5000, 84, 867.5000, 3656.5000, 3000, 7544, 200.5000, 171, 241.5000, 384, 665.5000, 1317, 266, 2509.5000, 153, 282, 166, 381.5000, 2596.5000, 9790, 7799, 25933, 0, 123.5000, 0, 258, 235, 328, 70.5000, 706, 0, 116.5000, 58, 244, 731.5000, 1155.5000, 1049, 3170], [8459.5000, 872, 3829.5000, 1032.5000, 806, 289, 183, 283.5000, 2401.5000, 520, 1318.5000, 451.5000, 236.5000, 107.5000, 383.5000, 106.5000, 433891, 6769.5000, 147760.5000, 5839.5000, 5965, 1181, 1273.5000, 1115, 7036, 1589, 3591.5000, 1079, 1401, 616.5000, 1856.5000, 489.5000, 8119, 740, 4102.5000, 715, 685.5000, 321, 200, 265.5000, 953.5000, 281.5000, 460, 186.5000, 264.5000, 115, 308, 100, 0, 439, 0, 493, 864, 383, 156, 380, 0, 248.5000, 420.5000, 242.5000, 322, 140.5000, 366.5000, 138.5000], [885.5000, 6603.5000, 1146, 2974.5000, 219.5000, 639.5000, 91, 315.5000, 581, 2208.5000, 602, 883, 56, 254, 144, 131, 6769.5000, 582945, 14648, 109582, 847, 3920, 525.5000, 1429, 1490, 10903, 1927.5000, 2722.5000, 193.5000, 2600.5000, 796, 880, 679, 2652, 951.5000, 993, 132.5000, 637, 91.5000, 236, 211, 926, 222, 282.5000, 56, 260.5000, 132, 106, 0, 9195.5000, 0, 3523.5000, 195, 1023, 85.5000, 543.5000, 0, 1673.5000, 253, 729, 76.5000, 909, 160, 413.5000], [6085.5000, 1600, 17156, 1630, 978, 550, 571, 476, 2444.5000, 1111.5000, 4879, 782.5000, 230.5000, 200, 1368, 191, 147760.5000, 14648, 1479878, 11562, 6726, 2911.5000, 6416.5000, 2243.5000, 4551.5000, 3725.5000, 21607.5000, 1990.5000, 1351, 1323, 8949.5000, 1032, 6515, 1510.5000, 19577.5000, 1273.5000, 896, 827, 751.5000, 516.5000, 805.5000, 618.5000, 1806.5000, 315, 272, 255, 1159, 204.5000, 0, 813.5000, 0, 749, 1114.5000, 781.5000, 612.5000, 689, 0, 496, 2360.5000, 494, 403, 260, 1320, 253.5000], [830.5000, 2404, 892.5000, 5982.5000, 210, 295.5000, 65.5000, 495.5000, 509.5000, 940, 492.5000, 1610.5000, 57.5000, 142, 158, 279, 5839.5000, 109582, 11562, 394836, 758.5000, 1380, 381, 2980, 1113.5000, 2742, 1456, 6886.5000, 181, 913, 678.5000, 1985.5000, 702.5000, 935.5000, 893, 2329, 142.5000, 272, 73.5000, 360.5000, 174.5000, 381, 183.5000, 585.5000, 55, 129.5000, 125.5000, 194, 0, 2995, 0, 6708.5000, 243.5000, 460, 80, 876, 0, 597.5000, 224.5000, 1736.5000, 85, 391.5000, 180.5000, 711], [838.5000, 208, 630.5000, 243.5000, 5361, 1199.5000, 769.5000, 1201, 437.5000, 279, 306, 254, 516, 204, 747, 211.5000, 5965, 847, 6726, 758.5000, 618786, 62921.5000, 69048.5000, 64558.5000, 984.5000, 291.5000, 868.5000, 220, 3837, 1092.5000, 6226.5000, 1046, 838.5000, 208, 730.5000, 217.5000, 6264.5000, 2094, 1208.5000, 1682, 446, 238.5000, 388.5000, 151, 589, 266, 1035.5000, 239.5000, 0, 78, 0, 103, 13141.5000, 3104, 1853, 3298, 0, 116.5000, 209, 128.5000, 897, 200.5000, 1124.5000, 227.5000], [303, 734.5000, 343.5000, 380.5000, 1320.5000, 5611, 543, 1963.5000, 152, 992, 198, 351, 135.5000, 607, 358.5000, 247.5000, 1181, 3920, 2911.5000, 1380, 62921.5000, 691843, 35092, 121962, 249.5000, 1496.5000, 481.5000, 351.5000, 613.5000, 5521, 2316.5000, 1588, 310, 510, 470, 234.5000, 1552, 8931.5000, 981, 2754, 192.5000, 725.5000, 308, 229, 178, 908.5000, 515, 311.5000, 0, 352.5000, 0, 165.5000, 2705.5000, 16318.5000, 1169, 5816.5000, 0, 469.5000, 85.5000, 209.5000, 214, 832, 465, 318], [218.5000, 111, 414, 91.5000, 995.5000, 574, 777.5000, 494, 125, 162, 234, 108.5000, 100, 81.5000, 399.5000, 75, 1273.5000, 525.5000, 6416.5000, 381, 69048.5000, 35092, 162753, 30094, 218, 237.5000, 1313, 117, 660.5000, 588.5000, 6407, 470, 210.5000, 107.5000, 487, 86.5000, 1166.5000, 1143, 1478, 708, 139.5000, 184.5000, 318, 56, 124.5000, 144.5000, 614, 91.5000, 0, 39, 0, 37.5000, 2123.5000, 1439, 1841, 1325.5000, 0, 57, 173.5000, 56.5000, 178, 106, 721, 95], [319.5000, 341, 297, 642.5000, 1451, 2221.5000, 505, 5196.5000, 147, 507.5000, 163, 674, 156, 300.5000, 397.5000, 598, 1115, 1429, 2243.5000, 2980, 64558.5000, 121962, 30094, 646048, 233, 458, 385.5000, 1046, 595, 1894, 2285.5000, 5163, 335.5000, 259, 416, 438, 1757, 3572, 761.5000, 6907.5000, 199, 345.5000, 258, 378, 179.5000, 427, 547, 758.5000, 0, 168, 0, 338.5000, 3022.5000, 5615.5000, 1095, 16195.5000, 0, 223, 93.5000, 508.5000, 228, 347, 498, 805.5000], [2606.5000, 158.5000, 1784, 167, 183, 82, 57, 68.5000, 23867.5000, 390, 9983.5000, 253, 76.5000, 34, 97.5000, 37, 7036, 1490, 4551.5000, 1113.5000, 984.5000, 249.5000, 218, 233, 204524, 25148.5000, 46245.5000, 14968, 469.5000, 253, 504.5000, 155.5000, 340, 75.5000, 266, 65, 118.5000, 85, 38, 50.5000, 1028, 204.5000, 367.5000, 124.5000, 67, 33.5000, 83, 18.5000, 0, 94, 0, 103.5000, 147, 87.5000, 46, 68, 0, 332, 531, 260.5000, 60, 35.5000, 90.5000, 33], [1029, 796, 1904.5000, 352.5000, 93, 307.5000, 66.5000, 135.5000, 5583, 2746.5000, 7059, 614, 36, 135, 98.5000, 66.5000, 1589, 10903, 3725.5000, 2742, 291.5000, 1496.5000, 237.5000, 458, 25148.5000, 354760, 31579, 37405, 140.5000, 1677, 503.5000, 350, 150.5000, 330, 265, 122, 51.5000, 358.5000, 77, 110, 220.5000, 1666.5000, 276, 284, 20, 150, 80, 47, 0, 640.5000, 0, 249, 67, 409.5000, 51, 164.5000, 0, 3645, 390.5000, 740, 43, 226, 82.5000, 80.5000], [2441.5000, 282.5000, 6013, 254.5000, 205, 145, 167.5000, 104.5000, 14409.5000, 524.5000, 36290.5000, 395, 68.5000, 49, 322, 54.5000, 3591.5000, 1927.5000, 21607.5000, 1456, 868.5000, 481.5000, 1313, 385.5000, 46245.5000, 31579, 377193, 18733, 301.5000, 398, 2522.5000, 281.5000, 316.5000, 141.5000, 894, 96, 178.5000, 173.5000, 221, 111, 492, 386, 1980, 172, 56, 73, 275, 30.5000, 0, 116.5000, 0, 123.5000, 187, 158.5000, 154.5000, 128.5000, 0, 427, 4088, 372.5000, 84, 76, 412, 61.5000], [562, 278.5000, 751.5000, 604, 73.5000, 91, 34.5000, 162.5000, 3080, 646.5000, 3223, 1332.5000, 25, 45.5000, 51, 84, 1079, 2722.5000, 1990.5000, 6886.5000, 220, 351.5000, 117, 1046, 14968, 37405, 18733, 136587, 71.5000, 382, 276.5000, 754.5000, 129.5000, 123, 160, 217, 53.5000, 96.5000, 33, 157, 124.5000, 344, 142, 637, 17, 40, 53, 78.5000, 0, 209, 0, 492, 70.5000, 135.5000, 20.5000, 291, 0, 697, 221, 2191, 31.5000, 89.5000, 67, 138.5000], [250.5000, 43, 173.5000, 76, 622.5000, 175, 134.5000, 167.5000, 209, 53.5000, 125.5000, 42.5000, 3429.5000, 980.5000, 2646, 867.5000, 1401, 193.5000, 1351, 181, 3837, 613.5000, 660.5000, 595, 469.5000, 140.5000, 301.5000, 71.5000, 200782, 24068, 93740, 16335.5000, 209.5000, 36.5000, 179, 46, 524.5000, 224.5000, 132.5000, 164.5000, 122.5000, 47, 96.5000, 30.5000, 2015, 564, 2123.5000, 424.5000, 0, 95, 0, 92.5000, 825, 215, 140, 229.5000, 0, 51, 167.5000, 52.5000, 23786.5000, 921, 16395, 863], [165, 367.5000, 208.5000, 184.5000, 329.5000, 1033, 146, 418, 125.5000, 474.5000, 159, 170, 1426.5000, 11694, 2673.5000, 3656.5000, 616.5000, 2600.5000, 1323, 913, 1092.5000, 5521, 588.5000, 1894, 253, 1677, 398, 382, 24068, 719788, 95910, 90699.5000, 124.5000, 197.5000, 185.5000, 87, 299, 1372, 179.5000, 463.5000, 81, 342.5000, 130, 87.5000, 706.5000, 7034, 2338, 1666.5000, 0, 689.5000, 0, 335.5000, 326.5000, 1309, 135, 575.5000, 0, 565, 165, 250, 7171, 13168.5000, 13147.5000, 3474.5000], [413.5000, 175.5000, 897, 169, 1266.5000, 671, 824.5000, 558, 316.5000, 240.5000, 641, 169.5000, 3649.5000, 3947, 20762.5000, 3000, 1856.5000, 796, 8949.5000, 678.5000, 6226.5000, 2316.5000, 6407, 2285.5000, 504.5000, 503.5000, 2522.5000, 276.5000, 93740, 95910, 1497054, 66373, 368.5000, 132, 899, 127, 1252, 986.5000, 1065, 663.5000, 236.5000, 192.5000, 580, 79.5000, 2579, 2395, 17038, 1608, 0, 300, 0, 298.5000, 1677.5000, 841.5000, 969, 822, 0, 249.5000, 1197, 246.5000, 30037.5000, 4008, 134825.5000, 3659], [152.5000, 142, 157.5000, 323.5000, 289.5000, 385.5000, 132, 792.5000, 96, 173, 104.5000, 301.5000, 952.5000, 3182, 1924, 7544, 489.5000, 880, 1032, 1985.5000, 1046, 1588, 470, 5163, 155.5000, 350, 281.5000, 754.5000, 16335.5000, 90699.5000, 66373, 478313, 121, 86.5000, 141, 165.5000, 311.5000, 533, 132, 870.5000, 86.5000, 117, 95.5000, 156, 515.5000, 1845, 1721, 4396.5000, 0, 276, 0, 538, 326.5000, 460, 106, 1172, 0, 214, 146, 444, 4528.5000, 3164, 9585.5000, 8616.5000], [13029.5000, 1698.5000, 4854, 2078, 1764, 558.5000, 326.5000, 514.5000, 1845.5000, 878.5000, 851, 805.5000, 510, 177.5000, 608.5000, 200.5000, 8119, 679, 6515, 702.5000, 838.5000, 310, 210.5000, 335.5000, 340, 150.5000, 316.5000, 129.5000, 209.5000, 124.5000, 368.5000, 121, 1189210, 24967, 271953, 23065, 5855.5000, 1615.5000, 1175, 1432, 10540, 1634, 3516.5000, 1186, 1554, 432, 1484.5000, 439.5000, 0, 147.5000, 0, 192, 759.5000, 319, 176.5000, 370, 0, 77, 130, 94, 218, 76, 216.5000, 96], [1295, 14920, 1423.5000, 5930.5000, 399, 1374, 166.5000, 584, 337.5000, 4001, 304.5000, 1542.5000, 79, 356.5000, 182.5000, 171, 740, 2652, 1510.5000, 935.5000, 208, 510, 107.5000, 259, 75.5000, 330, 141.5000, 123, 36.5000, 197.5000, 132, 86.5000, 24967, 1016226, 32575.5000, 195585.5000, 771.5000, 4797, 485.5000, 1516.5000, 1537.5000, 9951.5000, 1539, 2465, 162, 1269.5000, 383, 421, 0, 981.5000, 0, 413.5000, 209.5000, 729, 105, 381, 0, 245.5000, 54, 155.5000, 39.5000, 157, 64.5000, 86.5000], [4769.5000, 1965.5000, 15891, 2277, 1260.5000, 731, 753.5000, 604.5000, 912, 1139, 2000.5000, 951, 328.5000, 226.5000, 1269, 241.5000, 4102.5000, 951.5000, 19577.5000, 893, 730.5000, 470, 487, 416, 266, 265, 894, 160, 179, 185.5000, 899, 141, 271953, 32575.5000, 1630927, 28157, 3935.5000, 2526.5000, 3926.5000, 1791, 4020.5000, 2151, 10591.5000, 1339, 830.5000, 542, 4257.5000, 499.5000, 0, 189, 0, 221.5000, 633.5000, 476, 342.5000, 458.5000, 0, 110.5000, 314, 104.5000, 147, 90.5000, 455, 102], [1285, 5302, 1313.5000, 14516, 412, 558, 144.5000, 1103, 304, 1716.5000, 277, 3182.5000, 106, 161, 196, 384, 715, 993, 1273.5000, 2329, 217.5000, 234.5000, 86.5000, 438, 65, 122, 96, 217, 46, 87, 127, 165.5000, 23065, 195585.5000, 28157, 884281, 791, 1663, 387.5000, 3440, 1344, 3165.5000, 1322, 6743, 177.5000, 412.5000, 392, 1292, 0, 336.5000, 0, 1114, 240.5000, 335, 82, 648.5000, 0, 110.5000, 46.5000, 320, 47, 73, 73, 173.5000], [1337, 389, 982, 482, 20048, 3702.5000, 3047, 3621.5000, 744, 732, 427.5000, 635.5000, 1864, 615.5000, 2678.5000, 665.5000, 685.5000, 132.5000, 896, 142.5000, 6264.5000, 1552, 1166.5000, 1757, 118.5000, 51.5000, 178.5000, 53.5000, 524.5000, 299, 1252, 311.5000, 5855.5000, 771.5000, 3935.5000, 791, 544119, 64191.5000, 56120, 56418.5000, 5623, 1510, 3187.5000, 1057, 6931, 1951.5000, 9901, 1829.5000, 0, 60.5000, 0, 82, 9933.5000, 2804.5000, 1863, 2977, 0, 137, 110.5000, 146, 716.5000, 176, 771.5000, 197.5000], [520, 2085, 710, 948, 5311, 30639.5000, 2460.5000, 8354, 294, 4345.5000, 372, 1338, 667.5000, 3638.5000, 1613.5000, 1317, 321, 637, 827, 272, 2094, 8931.5000, 1143, 3572, 85, 358.5000, 173.5000, 96.5000, 224.5000, 1372, 986.5000, 533, 1615.5000, 4797, 2526.5000, 1663, 64191.5000, 1005960, 35243, 139503, 1685.5000, 9397, 2254, 2135.5000, 1678.5000, 16282.5000, 5868.5000, 4008.5000, 0, 301, 0, 146, 3413, 17485, 1675.5000, 6556, 0, 678, 108, 340.5000, 260.5000, 962.5000, 477, 426], [295.5000, 219.5000, 638.5000, 197, 3282.5000, 2046, 3471, 1639, 172.5000, 462.5000, 346.5000, 274, 344.5000, 335, 1741, 266, 200, 91.5000, 751.5000, 73.5000, 1208.5000, 981, 1478, 761.5000, 38, 77, 221, 33, 132.5000, 179.5000, 1065, 132, 1175, 485.5000, 3926.5000, 387.5000, 56120, 35243, 170171, 28041.5000, 1211.5000, 1095.5000, 3396, 531.5000, 1298, 1243, 10646, 907, 0, 36.5000, 0, 35, 1922, 1659.5000, 2171.5000, 1412, 0, 89.5000, 104.5000, 71, 135.5000, 104, 515, 106.5000], [436, 749, 496.5000, 1535, 4418, 7384, 1847.5000, 19431.5000, 256, 1528.5000, 232, 2115, 534.5000, 1146.5000, 1363.5000, 2509.5000, 265.5000, 236, 516.5000, 360.5000, 1682, 2754, 708, 6907.5000, 50.5000, 110, 111, 157, 164.5000, 463.5000, 663.5000, 870.5000, 1432, 1516.5000, 1791, 3440, 56418.5000, 139503, 28041.5000, 657324, 1399, 2932.5000, 1559.5000, 4525, 1387.5000, 4123.5000, 4693.5000, 10681, 0, 122, 0, 248, 2794, 4943.5000, 1195.5000, 11816, 0, 268.5000, 81.5000, 531, 207.5000, 345.5000, 392.5000, 682], [1750.5000, 682.5000, 901.5000, 742, 1148, 381, 205.5000, 348, 6096.5000, 2501.5000, 1707, 1878, 427, 154, 410.5000, 153, 953.5000, 211, 805.5000, 174.5000, 446, 192.5000, 139.5000, 199, 1028, 220.5000, 492, 124.5000, 122.5000, 81, 236.5000, 86.5000, 10540, 1537.5000, 4020.5000, 1344, 5623, 1685.5000, 1211.5000, 1399, 628995, 53560.5000, 100927, 32245.5000, 1573.5000, 407.5000, 1304.5000, 366, 0, 39, 0, 50, 593, 310, 145.5000, 289, 0, 221.5000, 312.5000, 253, 137, 57.5000, 152, 79], [488.5000, 4419, 631.5000, 2029, 440.5000, 2033, 245.5000, 830, 842.5000, 26814, 962.5000, 6633, 101.5000, 648, 286.5000, 282, 281.5000, 926, 618.5000, 381, 238.5000, 725.5000, 184.5000, 345.5000, 204.5000, 1666.5000, 386, 344, 47, 342.5000, 192.5000, 117, 1634, 9951.5000, 2151, 3165.5000, 1510, 9397, 1095.5000, 2932.5000, 53560.5000, 813476, 54607, 89392.5000, 302.5000, 2648, 779.5000, 745, 0, 269.5000, 0, 146.5000, 269.5000, 1098.5000, 159.5000, 553, 0, 2745, 214.5000, 917.5000, 50, 281.5000, 99, 144], [771.5000, 714, 1932, 754.5000, 744.5000, 453, 465.5000, 423, 1710.5000, 3051, 6371.5000, 2315, 233.5000, 186, 918.5000, 166, 460, 222, 1806.5000, 183.5000, 388.5000, 308, 318, 258, 367.5000, 276, 1980, 142, 96.5000, 130, 580, 95.5000, 3516.5000, 1539, 10591.5000, 1322, 3187.5000, 2254, 3396, 1559.5000, 100927, 54607, 561263, 33351.5000, 730.5000, 565.5000, 4124.5000, 510.5000, 0, 48.5000, 0, 67, 472, 401.5000, 315, 327, 0, 318, 1508.5000, 329, 88, 79, 356.5000, 74.5000], [347.5000, 1238.5000, 332, 2780.5000, 317.5000, 521.5000, 127, 1001, 551, 5589, 544.5000, 11633, 71, 177.5000, 178.5000, 381.5000, 186.5000, 282.5000, 315, 585.5000, 151, 229, 56, 378, 124.5000, 284, 172, 637, 30.5000, 87.5000, 79.5000, 156, 1186, 2465, 1339, 6743, 1057, 2135.5000, 531.5000, 4525, 32245.5000, 89392.5000, 33351.5000, 359963, 184, 582, 521, 1594, 0, 102, 0, 224, 183.5000, 284, 72.5000, 574.5000, 0, 583, 127, 1653.5000, 33, 83, 52.5000, 171.5000], [550, 84.5000, 279.5000, 118.5000, 2605, 589, 499.5000, 604.5000, 388, 156, 150, 136, 13487.5000, 2808.5000, 3875.5000, 2596.5000, 264.5000, 56, 272, 55, 589, 178, 124.5000, 179.5000, 67, 20, 56, 17, 2015, 706.5000, 2579, 515.5000, 1554, 162, 830.5000, 177.5000, 6931, 1678.5000, 1298, 1387.5000, 1573.5000, 302.5000, 730.5000, 184, 218059, 18967, 86437.5000, 15995, 0, 39.5000, 0, 48.5000, 734, 230, 124.5000, 259.5000, 0, 46.5000, 55, 55.5000, 2531.5000, 281, 1386.5000, 316.5000], [203.5000, 635, 225.5000, 286.5000, 1011.5000, 4361.5000, 423.5000, 1503, 120.5000, 1165.5000, 121.5000, 370, 3527, 39265, 2595.5000, 9790, 115, 260.5000, 255, 129.5000, 266, 908.5000, 144.5000, 427, 33.5000, 150, 73, 40, 564, 7034, 2395, 1845, 432, 1269.5000, 542, 412.5000, 1951.5000, 16282.5000, 1243, 4123.5000, 407.5000, 2648, 565.5000, 582, 18967, 517149, 57285.5000, 57783.5000, 0, 218.5000, 0, 108, 301, 1153, 116, 536.5000, 0, 257.5000, 53, 118, 534, 3190, 836.5000, 973], [537.5000, 223, 1141, 265, 3814, 1879, 2420, 1698, 337, 435, 707.5000, 336.5000, 9672.5000, 9540.5000, 28420.5000, 7799, 308, 132, 1159, 125.5000, 1035.5000, 515, 614, 547, 83, 80, 275, 53, 2123.5000, 2338, 17038, 1721, 1484.5000, 383, 4257.5000, 392, 9901, 5868.5000, 10646, 4693.5000, 1304.5000, 779.5000, 4124.5000, 521, 86437.5000, 57285.5000, 1108535, 48391.5000, 0, 107.5000, 0, 105, 1148.5000, 628.5000, 657.5000, 679, 0, 132.5000, 303, 139.5000, 1954, 829.5000, 8312.5000, 864], [190.5000, 250.5000, 214, 545.5000, 873, 1320.5000, 368, 3044.5000, 102, 404, 107, 752, 2612.5000, 8654, 2300.5000, 25933, 100, 106, 204.5000, 194, 239.5000, 311.5000, 91.5000, 758.5000, 18.5000, 47, 30.5000, 78.5000, 424.5000, 1666.5000, 1608, 4396.5000, 439.5000, 421, 499.5000, 1292, 1829.5000, 4008.5000, 907, 10681, 366, 745, 510.5000, 1594, 15995, 57783.5000, 48391.5000, 382314, 0, 81.5000, 0, 193.5000, 292.5000, 399.5000, 107.5000, 898, 0, 117, 45.5000, 237, 452.5000, 763, 774, 2402.5000], [0, 0, 0, 0, 0, 0, 0, 0, 0, 0, 0, 0, 0, 0, 0, 0, 0, 0, 0, 0, 0, 0, 0, 0, 0, 0, 0, 0, 0, 0, 0, 0, 0, 0, 0, 0, 0, 0, 0, 0, 0, 0, 0, 0, 0, 0, 0, 0, 21321, 0, 2711, 0, 0, 0, 0, 0, 4596, 0, 0, 0, 0, 0, 0, 0], [156, 1295, 166.5000, 534, 73.5000, 250.5000, 26, 128.5000, 79, 522.5000, 76.5000, 195, 46, 254, 110.5000, 123.5000, 439, 9195.5000, 813.5000, 2995, 78, 352.5000, 39, 168, 94, 640.5000, 116.5000, 209, 95, 689.5000, 300, 276, 147.5000, 981.5000, 189, 336.5000, 60.5000, 301, 36.5000, 122, 39, 269.5000, 48.5000, 102, 39.5000, 218.5000, 107.5000, 81.5000, 0, 629616, 0, 131637.5000, 183.5000, 1855, 98, 710, 0, 3736, 260.5000, 1399, 164.5000, 9412.5000, 210.5000, 3694.5000], [0, 0, 0, 0, 0, 0, 0, 0, 0, 0, 0, 0, 0, 0, 0, 0, 0, 0, 0, 0, 0, 0, 0, 0, 0, 0, 0, 0, 0, 0, 0, 0, 0, 0, 0, 0, 0, 0, 0, 0, 0, 0, 0, 0, 0, 0, 0, 0, 2711, 0, 13924, 0, 0, 0, 0, 0, 457.5000, 0, 0, 0, 0, 0, 0, 0], [185, 533, 186, 1513.5000, 89, 146.5000, 30.5000, 244, 86, 277, 89, 512.5000, 67.5000, 148, 123.5000, 258, 493, 3523.5000, 749, 6708.5000, 103, 165.5000, 37.5000, 338.5000, 103.5000, 249, 123.5000, 492, 92.5000, 335.5000, 298.5000, 538, 192, 413.5000, 221.5000, 1114, 82, 146, 35, 248, 50, 146.5000, 67, 224, 48.5000, 108, 105, 193.5000, 0, 131637.5000, 0, 482579, 243, 719, 84.5000, 1968, 0, 1450.5000, 376, 4715.5000, 216.5000, 4063, 293.5000, 8210], [681, 329.5000, 489.5000, 374.5000, 8814.5000, 2249, 1568, 2221, 307, 603.5000, 228.5000, 537.5000, 618.5000, 219, 964.5000, 235, 864, 195, 1114.5000, 243.5000, 13141.5000, 2705.5000, 2123.5000, 3022.5000, 147, 67, 187, 70.5000, 825, 326.5000, 1677.5000, 326.5000, 759.5000, 209.5000, 633.5000, 240.5000, 9933.5000, 3413, 1922, 2794, 593, 269.5000, 472, 183.5000, 734, 301, 1148.5000, 292.5000, 0, 183.5000, 0, 243, 428201, 45352, 43083.5000, 43632.5000, 0, 423.5000, 493, 503, 4395, 659.5000, 3584, 704], [303, 1170.5000, 341.5000, 541, 2681.5000, 10739.5000, 1073, 3696, 178, 2470.5000, 174.5000, 850, 211, 742.5000, 487, 328, 383, 1023, 781.5000, 460, 3104, 16318.5000, 1439, 5615.5000, 87.5000, 409.5000, 158.5000, 135.5000, 215, 1309, 841.5000, 460, 319, 729, 476, 335, 2804.5000, 17485, 1659.5000, 4943.5000, 310, 1098.5000, 401.5000, 284, 230, 1153, 628.5000, 399.5000, 0, 1855, 0, 719, 45352, 641649, 24848.5000, 101462, 0, 3391.5000, 282.5000, 1288, 716.5000, 4731, 1198, 1297], [145, 135, 242, 115.5000, 1752, 1090.5000, 1360, 948.5000, 71.5000, 340, 105, 200.5000, 89.5000, 75.5000, 506, 70.5000, 156, 85.5000, 612.5000, 80, 1853, 1169, 1841, 1095, 46, 51, 154.5000, 20.5000, 140, 135, 969, 106, 176.5000, 105, 342.5000, 82, 1863, 1675.5000, 2171.5000, 1195.5000, 145.5000, 159.5000, 315, 72.5000, 124.5000, 116, 657.5000, 107.5000, 0, 98, 0, 84.5000, 43083.5000, 24848.5000, 107969, 22023.5000, 0, 211, 549, 214.5000, 460.5000, 244, 2982, 278], [361, 648.5000, 333, 1156, 2844.5000, 4163.5000, 1059.5000, 8781.5000, 186, 1329.5000, 165.5000, 1605.5000, 192.5000, 371.5000, 562, 706, 380, 543.5000, 689, 876, 3298, 5816.5000, 1325.5000, 16195.5000, 68, 164.5000, 128.5000, 291, 229.5000, 575.5000, 822, 1172, 370, 381, 458.5000, 648.5000, 2977, 6556, 1412, 11816, 289, 553, 327, 574.5000, 259.5000, 536.5000, 679, 898, 0, 710, 0, 1968, 43632.5000, 101462, 22023.5000, 562495, 0, 1415.5000, 271, 4167.5000, 651.5000, 1509, 1518.5000, 4311], [0, 0, 0, 0, 0, 0, 0, 0, 0, 0, 0, 0, 0, 0, 0, 0, 0, 0, 0, 0, 0, 0, 0, 0, 0, 0, 0, 0, 0, 0, 0, 0, 0, 0, 0, 0, 0, 0, 0, 0, 0, 0, 0, 0, 0, 0, 0, 0, 4596, 0, 457.5000, 0, 0, 0, 0, 0, 32248, 0, 0, 0, 0, 0, 0, 0], [113.5000, 584, 155, 297, 103.5000, 444.5000, 64, 221, 172.5000, 3676.5000, 214.5000, 1041, 41, 229.5000, 82.5000, 116.5000, 248.5000, 1673.5000, 496, 597.5000, 116.5000, 469.5000, 57, 223, 332, 3645, 427, 697, 51, 565, 249.5000, 214, 77, 245.5000, 110.5000, 110.5000, 137, 678, 89.5000, 268.5000, 221.5000, 2745, 318, 583, 46.5000, 257.5000, 132.5000, 117, 0, 3736, 0, 1450.5000, 423.5000, 3391.5000, 211, 1415.5000, 0, 496873, 1223.5000, 91690.5000, 105, 2111.5000, 200, 747], [190.5000, 59.5000, 517.5000, 74, 132, 60, 62.5000, 55, 460, 163, 1581, 151.5000, 61.5000, 45.5000, 336, 58, 420.5000, 253, 2360.5000, 224.5000, 209, 85.5000, 173.5000, 93.5000, 531, 390.5000, 4088, 221, 167.5000, 165, 1197, 146, 130, 54, 314, 46.5000, 110.5000, 108, 104.5000, 81.5000, 312.5000, 214.5000, 1508.5000, 127, 55, 53, 303, 45.5000, 0, 260.5000, 0, 376, 493, 282.5000, 549, 271, 0, 1223.5000, 616557, 1273.5000, 287, 405, 2043.5000, 482.5000], [112.5000, 290.5000, 133.5000, 677.5000, 149.5000, 229, 64, 420, 169.5000, 1416.5000, 176, 2887.5000, 49, 127.5000, 96.5000, 244, 242.5000, 729, 494, 1736.5000, 128.5000, 209.5000, 56.5000, 508.5000, 260.5000, 740, 372.5000, 2191, 52.5000, 250, 246.5000, 444, 94, 155.5000, 104.5000, 320, 146, 340.5000, 71, 531, 253, 917.5000, 329, 1653.5000, 55.5000, 118, 139.5000, 237, 0, 1399, 0, 4715.5000, 503, 1288, 214.5000, 4167.5000, 0, 91690.5000, 1273.5000, 434818, 143, 785, 268.5000, 2124.5000], [203.5000, 47, 133, 62, 727, 185.5000, 130.5000, 170.5000, 141.5000, 57.5000, 76.5000, 53, 3540.5000, 833.5000, 2090, 731.5000, 322, 76.5000, 403, 85, 897, 214, 178, 228, 60, 43, 84, 31.5000, 23786.5000, 7171, 30037.5000, 4528.5000, 218, 39.5000, 147, 47, 716.5000, 260.5000, 135.5000, 207.5000, 137, 50, 88, 33, 2531.5000, 534, 1954, 452.5000, 0, 164.5000, 0, 216.5000, 4395, 716.5000, 460.5000, 651.5000, 0, 105, 287, 143, 273406, 3206, 43567, 2855.5000], [78.5000, 249.5000, 84, 137.5000, 203.5000, 680.5000, 81, 264.5000, 49.5000, 327.5000, 54.5000, 136.5000, 432.5000, 3456, 706, 1155.5000, 140.5000, 909, 260, 391.5000, 200.5000, 832, 106, 347, 35.5000, 226, 76, 89.5000, 921, 13168.5000, 4008, 3164, 76, 157, 90.5000, 73, 176, 962.5000, 104, 345.5000, 57.5000, 281.5000, 79, 83, 281, 3190, 829.5000, 763, 0, 9412.5000, 0, 4063, 659.5000, 4731, 244, 1509, 0, 2111.5000, 405, 785, 3206, 866406, 4171.5000, 135968], [188.5000, 83.5000, 420, 94.5000, 843.5000, 378, 432.5000, 339.5000, 141, 109.5000, 249.5000, 107, 1837, 1088.5000, 9518.5000, 1049, 366.5000, 160, 1320, 180.5000, 1124.5000, 465, 721, 498, 90.5000, 82.5000, 412, 67, 16395, 13147.5000, 134825.5000, 9585.5000, 216.5000, 64.5000, 455, 73, 771.5000, 477, 515, 392.5000, 152, 99, 356.5000, 52.5000, 1386.5000, 836.5000, 8312.5000, 774, 0, 210.5000, 0, 293.5000, 3584, 1198, 2982, 1518.5000, 0, 200, 2043.5000, 268.5000, 43567, 4171.5000, 439651, 4861.5000], [97.5000, 132, 109, 309.5000, 218, 289.5000, 78.5000, 540.5000, 67, 155, 53.5000, 261, 456.5000, 1165, 815.5000, 3170, 138.5000, 413.5000, 253.5000, 711, 227.5000, 318, 95, 805.5000, 33, 80.5000, 61.5000, 138.5000, 863, 3474.5000, 3659, 8616.5000, 96, 86.5000, 102, 173.5000, 197.5000, 426, 106.5000, 682, 79, 144, 74.5000, 171.5000, 316.5000, 973, 864, 2402.5000, 0, 3694.5000, 0, 8210, 704, 1297, 278, 4311, 0, 747, 482.5000, 2124.5000, 2855.5000, 135968, 4861.5000, 729080]]:
