# 26338 alignments
CodonCounts:=[[135487, 3283, 60148.5000, 2932, 1675, 1446, 1105, 1300, 3105.5000, 1232.5000, 870, 778.5000, 223.5000, 579.5000, 945.5000, 508, 6279, 1058.5000, 4285, 1153.5000, 540, 263, 591, 373, 997, 6848.5000, 1703, 6764.5000, 135.5000, 265, 547.5000, 359, 7675, 1540, 2822, 1885.5000, 1673.5000, 1673.5000, 1601, 1702.5000, 547, 1000, 248, 744.5000, 550, 476, 591.5000, 664.5000, 0, 328, 0, 313.5000, 544, 444.5000, 418, 772, 0, 77.5000, 89.5000, 82.5000, 505, 153, 302, 128], [3283, 73688, 2142.5000, 37006.5000, 786.5000, 1567, 717, 885, 166.5000, 2349.5000, 74, 1232, 45, 227.5000, 308, 198, 1540, 1576.5000, 1638, 1494.5000, 127, 109.5000, 272, 114.5000, 73, 809, 211, 658.5000, 36.5000, 106.5000, 208.5000, 97.5000, 2635.5000, 4160, 1320.5000, 4252.5000, 741.5000, 1024.5000, 864.5000, 881.5000, 589.5000, 2012, 344, 1315.5000, 164, 165, 241.5000, 224, 0, 351.5000, 0, 284, 516.5000, 724.5000, 630, 776.5000, 0, 156.5000, 33.5000, 104, 104.5000, 162.5000, 87, 98.5000], [60148.5000, 2142.5000, 58785, 1567, 692, 1280.5000, 861, 831, 1443.5000, 870, 774.5000, 427, 85, 392.5000, 779, 304.5000, 2769.5000, 778, 3333.5000, 641.5000, 240.5000, 190, 514, 192, 539, 5383, 1438, 4371, 79, 218, 468.5000, 205, 3723, 1197.5000, 2265, 1145, 935.5000, 1424.5000, 1308, 949.5000, 294, 790.5000, 202, 478.5000, 325.5000, 322.5000, 448.5000, 401, 0, 207, 0, 127, 302.5000, 407.5000, 408.5000, 501.5000, 0, 41, 95, 39, 238.5000, 135.5000, 189.5000, 68.5000], [2932, 37006.5000, 1567, 42536, 712.5000, 981, 631.5000, 806, 202, 1711, 67, 1540.5000, 60, 128, 248, 179, 1263, 1030.5000, 1126.5000, 1616.5000, 119.5000, 89.5000, 161.5000, 103.5000, 105, 618.5000, 209, 524.5000, 31, 60.5000, 122.5000, 85, 2328.5000, 2879, 1062.5000, 4954.5000, 541.5000, 654, 601, 596.5000, 599.5000, 1418.5000, 328.5000, 1050, 110.5000, 101.5000, 146.5000, 156, 0, 210.5000, 0, 304, 418, 459.5000, 426, 598.5000, 0, 65.5000, 31, 73.5000, 98, 86.5000, 69.5000, 86], [1675, 786.5000, 692, 712.5000, 25316, 15006, 12984, 13684.5000, 140, 957.5000, 32, 629, 352.5000, 522, 693, 607, 689, 124.5000, 429.5000, 180, 203, 75.5000, 202.5000, 131.5000, 35.5000, 232, 61.5000, 246.5000, 79, 91, 213, 150.5000, 1405, 343.5000, 554, 581.5000, 1381.5000, 835.5000, 999, 924.5000, 117.5000, 209.5000, 58, 153, 827, 469, 699, 866.5000, 0, 67, 0, 84.5000, 1183, 695, 673, 1214, 0, 153, 20, 193, 241.5000, 95, 150, 80], [1446, 1567, 1280.5000, 981, 15006, 48118, 20339.5000, 18641.5000, 122, 2389.5000, 59.5000, 1014.5000, 210, 1332.5000, 907, 855.5000, 726, 287, 918, 240, 171.5000, 192.5000, 370, 169.5000, 59.5000, 619, 142, 419.5000, 78.5000, 288, 504, 194, 1625.5000, 750, 945, 682, 1132, 2163.5000, 1688.5000, 1193.5000, 98, 528, 88.5000, 277, 811, 1340, 1618, 1174.5000, 0, 101, 0, 105, 887, 1578.5000, 1494.5000, 1405, 0, 380.5000, 57, 245.5000, 222, 164, 200.5000, 122.5000], [1105, 717, 861, 631.5000, 12984, 20339.5000, 17644, 9833, 89, 1262.5000, 53.5000, 558, 156, 581.5000, 766.5000, 532.5000, 497, 160.5000, 581.5000, 157.5000, 137, 101.5000, 293.5000, 117, 30, 348, 105, 222, 53, 111, 311, 100.5000, 1052.5000, 403, 662, 444.5000, 876.5000, 1062.5000, 1338, 630.5000, 74.5000, 282, 85.5000, 156, 549, 614, 1035, 679, 0, 64, 0, 76, 729.5000, 700.5000, 1015, 847.5000, 0, 191.5000, 40, 124.5000, 151, 80.5000, 131, 80.5000], [1300, 885, 831, 806, 13684.5000, 18641.5000, 9833, 19338, 100, 1160.5000, 20.5000, 737.5000, 180.5000, 696.5000, 608, 705, 564, 161, 475, 152.5000, 137, 89.5000, 174.5000, 136, 32, 291.5000, 71.5000, 284.5000, 54.5000, 115, 248.5000, 198.5000, 1271, 450, 569, 544, 900.5000, 951, 810.5000, 1300, 85.5000, 242.5000, 45.5000, 209.5000, 745, 498.5000, 790, 1075, 0, 68.5000, 0, 64, 820.5000, 876.5000, 698.5000, 1503, 0, 174, 18.5000, 169, 188.5000, 110, 145.5000, 84], [3105.5000, 166.5000, 1443.5000, 202, 140, 122, 89, 100, 6693, 127, 1208.5000, 111.5000, 27, 59, 114, 48, 428, 115, 317, 149.5000, 34, 16, 37.5000, 30.5000, 1468, 6086, 2171, 9788, 16, 24, 43.5000, 38.5000, 320, 49, 124.5000, 88, 116, 80.5000, 82, 110, 91.5000, 68, 35, 80.5000, 54, 30, 43.5000, 61.5000, 0, 45, 0, 45, 54, 36.5000, 34.5000, 55, 0, 14, 34, 16.5000, 63, 22, 26, 11.5000], [1232.5000, 2349.5000, 870, 1711, 957.5000, 2389.5000, 1262.5000, 1160.5000, 127, 18651, 50, 10239.5000, 30, 152.5000, 213, 141, 694.5000, 322.5000, 709, 333.5000, 154.5000, 124, 282, 129, 55.5000, 532, 115.5000, 391.5000, 18, 53, 99, 53.5000, 1318, 1011.5000, 755, 1146, 958.5000, 1395, 1329, 954, 419.5000, 1630, 322.5000, 941, 102, 163.5000, 193.5000, 143.5000, 0, 83.5000, 0, 85.5000, 2187, 3172.5000, 3226.5000, 3197.5000, 0, 320.5000, 26.5000, 222, 58.5000, 68.5000, 57, 53], [870, 74, 774.5000, 67, 32, 59.5000, 53.5000, 20.5000, 1208.5000, 50, 878, 39.5000, 10.5000, 21, 57.5000, 16.5000, 114, 44, 168, 48, 12.5000, 9, 17, 11.5000, 390, 1809, 875.5000, 2137, 4, 15.5000, 28, 8, 125, 26.5000, 83, 30, 33.5000, 60, 60, 26, 31, 38.5000, 38, 40, 18, 15, 25, 12, 0, 9.5000, 0, 8, 18.5000, 16, 16.5000, 14, 0, 7, 8, 9, 13, 12, 8, 5], [778.5000, 1232, 427, 1540.5000, 629, 1014.5000, 558, 737.5000, 111.5000, 10239.5000, 39.5000, 12583, 24, 58, 129, 125, 430, 150, 335.5000, 232.5000, 90, 61.5000, 114, 55, 49, 296.5000, 53, 280, 14, 27.5000, 68.5000, 49, 731.5000, 493, 342.5000, 710.5000, 539.5000, 667, 602, 609, 387, 858.5000, 229.5000, 793, 62.5000, 70, 96, 105, 0, 45, 0, 64, 1408.5000, 1440, 1294, 1912.5000, 0, 163, 16.5000, 182, 46.5000, 24.5000, 28.5000, 39.5000], [223.5000, 45, 85, 60, 352.5000, 210, 156, 180.5000, 27, 30, 10.5000, 24, 8247, 9011.5000, 1345, 9660.5000, 96.5000, 21.5000, 65.5000, 15.5000, 32.5000, 10.5000, 24.5000, 20, 6.5000, 35.5000, 14, 29, 319.5000, 362, 750.5000, 477, 164.5000, 14, 59.5000, 22, 175, 111, 131.5000, 108, 14, 23, 13, 9, 2130, 1028, 1769.5000, 1589, 0, 40, 0, 56.5000, 29, 17, 20.5000, 22, 0, 36, 32, 24.5000, 950.5000, 171, 415, 182], [579.5000, 227.5000, 392.5000, 128, 522, 1332.5000, 581.5000, 696.5000, 59, 152.5000, 21, 58, 9011.5000, 104122, 4739, 64145.5000, 347.5000, 137.5000, 320.5000, 106.5000, 50.5000, 56, 122.5000, 50, 27, 267, 54, 197.5000, 973, 2917.5000, 5790.5000, 2628, 540.5000, 90.5000, 274.5000, 85.5000, 429.5000, 709, 562, 424, 26, 102, 17, 50, 6266, 9107.5000, 10230.5000, 9560.5000, 0, 267, 0, 229, 67.5000, 88.5000, 78.5000, 85.5000, 0, 232.5000, 92.5000, 137.5000, 2825, 975, 2064.5000, 734.5000], [945.5000, 308, 779, 248, 693, 907, 766.5000, 608, 114, 213, 57.5000, 129, 1345, 4739, 147052, 3917.5000, 981.5000, 191.5000, 1168, 168, 80, 61, 142, 65, 58.5000, 377.5000, 110.5000, 327.5000, 1266, 2686.5000, 6849.5000, 2915.5000, 713, 142, 333, 202.5000, 634.5000, 805.5000, 766, 553.5000, 67.5000, 206.5000, 47, 108.5000, 1204, 1257.5000, 1994.5000, 1438, 0, 370, 0, 301, 140.5000, 168.5000, 202.5000, 208.5000, 0, 183, 265, 152, 4032, 1353, 3069.5000, 1033.5000], [508, 198, 304.5000, 179, 607, 855.5000, 532.5000, 705, 48, 141, 16.5000, 125, 9660.5000, 64145.5000, 3917.5000, 82271, 259.5000, 97.5000, 255, 103, 44.5000, 27.5000, 78.5000, 48.5000, 20.5000, 186, 46.5000, 145, 955, 1733.5000, 3928.5000, 2688, 517.5000, 47.5000, 191, 94.5000, 428.5000, 456, 422.5000, 414.5000, 32, 59.5000, 13, 55, 6069.5000, 5726.5000, 7863.5000, 9256.5000, 0, 200, 0, 211, 58.5000, 69, 53, 105.5000, 0, 141, 101.5000, 103, 3054.5000, 716, 1927, 844], [6279, 1540, 2769.5000, 1263, 689, 726, 497, 564, 428, 694.5000, 114, 430, 96.5000, 347.5000, 981.5000, 259.5000, 51428, 1141, 34212, 1373.5000, 354, 146.5000, 416.5000, 229, 395, 1520.5000, 541.5000, 1470, 184, 224, 567.5000, 341, 7182, 1166, 2904, 1551, 1028, 1034, 1120.5000, 988, 239, 570.5000, 139.5000, 417, 295.5000, 211.5000, 309.5000, 379, 0, 197.5000, 0, 187, 436.5000, 340, 334.5000, 541.5000, 0, 39.5000, 69, 47.5000, 443, 103.5000, 243.5000, 100.5000], [1058.5000, 1576.5000, 778, 1030.5000, 124.5000, 287, 160.5000, 161, 115, 322.5000, 44, 150, 21.5000, 137.5000, 191.5000, 97.5000, 1141, 38002, 1323, 23373.5000, 64, 68, 132, 55, 86.5000, 977.5000, 189.5000, 688.5000, 41.5000, 127.5000, 255, 117, 776, 537, 431, 537.5000, 212.5000, 390.5000, 337.5000, 263, 56, 294, 48, 165.5000, 77.5000, 86.5000, 129.5000, 82, 0, 1182, 0, 999.5000, 89, 135.5000, 126, 169.5000, 0, 72.5000, 143, 52, 119.5000, 562, 110.5000, 278.5000], [4285, 1638, 3333.5000, 1126.5000, 429.5000, 918, 581.5000, 475, 317, 709, 168, 335.5000, 65.5000, 320.5000, 1168, 255, 34212, 1323, 53371, 1355, 204.5000, 187, 490.5000, 185.5000, 281, 1891.5000, 802.5000, 1375.5000, 140, 321, 840.5000, 318.5000, 5687, 1324, 3661, 1337, 798, 1315.5000, 1320, 794, 177, 683, 152, 359.5000, 242.5000, 315.5000, 423, 328, 0, 180.5000, 0, 196, 295.5000, 394, 459.5000, 379.5000, 0, 67, 74.5000, 59.5000, 351, 112.5000, 308.5000, 98], [1153.5000, 1494.5000, 641.5000, 1616.5000, 180, 240, 157.5000, 152.5000, 149.5000, 333.5000, 48, 232.5000, 15.5000, 106.5000, 168, 103, 1373.5000, 23373.5000, 1355, 30104, 99.5000, 60.5000, 137, 86, 139.5000, 889.5000, 230, 869.5000, 50, 92.5000, 228.5000, 120, 881.5000, 516.5000, 465, 682, 229.5000, 286, 275, 201.5000, 87, 254, 53, 173.5000, 64, 70, 113, 105, 0, 939.5000, 0, 1427, 124.5000, 119.5000, 123, 190.5000, 0, 55, 125, 73.5000, 124.5000, 369, 93, 288.5000], [540, 127, 240.5000, 119.5000, 203, 171.5000, 137, 137, 34, 154.5000, 12.5000, 90, 32.5000, 50.5000, 80, 44.5000, 354, 64, 204.5000, 99.5000, 24661, 7357, 23570.5000, 14292, 34.5000, 89.5000, 29.5000, 79.5000, 56.5000, 29, 85, 60, 827.5000, 258.5000, 307.5000, 321.5000, 726.5000, 540, 583, 673, 91, 140.5000, 46.5000, 171, 110, 86, 121, 128, 0, 21.5000, 0, 21.5000, 368.5000, 187.5000, 188.5000, 321.5000, 0, 6.5000, 13.5000, 10, 66.5000, 21.5000, 42, 29.5000], [263, 109.5000, 190, 89.5000, 75.5000, 192.5000, 101.5000, 89.5000, 16, 124, 9, 61.5000, 10.5000, 56, 61, 27.5000, 146.5000, 68, 187, 60.5000, 7357, 10129, 14186.5000, 7982, 12.5000, 115.5000, 32.5000, 69.5000, 19.5000, 46, 79, 37, 435, 197.5000, 219.5000, 200, 322, 581.5000, 412, 329, 33.5000, 135, 23.5000, 82.5000, 59, 99.5000, 91, 72.5000, 0, 19.5000, 0, 13.5000, 117.5000, 241.5000, 148.5000, 181.5000, 0, 8, 7, 11, 27, 24.5000, 32.5000, 17.5000], [591, 272, 514, 161.5000, 202.5000, 370, 293.5000, 174.5000, 37.5000, 282, 17, 114, 24.5000, 122.5000, 142, 78.5000, 416.5000, 132, 490.5000, 137, 23570.5000, 14186.5000, 48607, 17706.5000, 28, 234, 59, 187, 64.5000, 73.5000, 255.5000, 66, 1105.5000, 542, 578.5000, 520.5000, 845, 1127.5000, 1291, 761.5000, 106.5000, 331, 76, 207, 127.5000, 184.5000, 244.5000, 167.5000, 0, 33.5000, 0, 35.5000, 357.5000, 316, 461.5000, 342.5000, 0, 11.5000, 29, 16, 86, 57, 104.5000, 44], [373, 114.5000, 192, 103.5000, 131.5000, 169.5000, 117, 136, 30.5000, 129, 11.5000, 55, 20, 50, 65, 48.5000, 229, 55, 185.5000, 86, 14292, 7982, 17706.5000, 17373, 27, 97, 25.5000, 100, 32.5000, 35, 61.5000, 63, 573, 226.5000, 222.5000, 268.5000, 562.5000, 465.5000, 472.5000, 642, 72, 140, 28.5000, 136.5000, 82, 74, 77, 125.5000, 0, 12, 0, 21, 198.5000, 189, 162, 343, 0, 10, 11.5000, 18, 48.5000, 24.5000, 32.5000, 19], [997, 73, 539, 105, 35.5000, 59.5000, 30, 32, 1468, 55.5000, 390, 49, 6.5000, 27, 58.5000, 20.5000, 395, 86.5000, 281, 139.5000, 34.5000, 12.5000, 28, 27, 2380, 4353, 1662.5000, 4817.5000, 17.5000, 16, 52, 28.5000, 179, 35.5000, 83.5000, 52, 53, 62.5000, 66.5000, 47, 23.5000, 34.5000, 17, 36, 21.5000, 15.5000, 27, 17, 0, 20.5000, 0, 22.5000, 20, 23, 17.5000, 23.5000, 0, 14.5000, 14.5000, 12.5000, 30.5000, 12.5000, 24, 12], [6848.5000, 809, 5383, 618.5000, 232, 619, 348, 291.5000, 6086, 532, 1809, 296.5000, 35.5000, 267, 377.5000, 186, 1520.5000, 977.5000, 1891.5000, 889.5000, 89.5000, 115.5000, 234, 97, 4353, 50778, 8471, 42174, 62.5000, 244, 482.5000, 198.5000, 1185.5000, 367, 697, 373, 331.5000, 746.5000, 641, 311.5000, 101, 464, 91, 240.5000, 106, 204.5000, 272.5000, 192, 0, 229.5000, 0, 199, 150.5000, 191, 208, 215.5000, 0, 155, 156, 132, 212, 137.5000, 136.5000, 63.5000], [1703, 211, 1438, 209, 61.5000, 142, 105, 71.5000, 2171, 115.5000, 875.5000, 53, 14, 54, 110.5000, 46.5000, 541.5000, 189.5000, 802.5000, 230, 29.5000, 32.5000, 59, 25.5000, 1662.5000, 8471, 4482, 7582.5000, 28, 58, 135.5000, 44.5000, 337, 87.5000, 226.5000, 111, 103, 178.5000, 196.5000, 69.5000, 29.5000, 90.5000, 39, 42, 32, 43.5000, 55.5000, 38.5000, 0, 44.5000, 0, 59, 40.5000, 43.5000, 63.5000, 48, 0, 37, 54, 26, 52.5000, 16.5000, 52.5000, 12.5000], [6764.5000, 658.5000, 4371, 524.5000, 246.5000, 419.5000, 222, 284.5000, 9788, 391.5000, 2137, 280, 29, 197.5000, 327.5000, 145, 1470, 688.5000, 1375.5000, 869.5000, 79.5000, 69.5000, 187, 100, 4817.5000, 42174, 7582.5000, 63457, 50.5000, 142.5000, 306.5000, 169.5000, 1008, 220.5000, 447.5000, 258, 308.5000, 425, 388.5000, 340, 116.5000, 269, 71.5000, 223.5000, 140.5000, 131, 171, 201.5000, 0, 189.5000, 0, 194.5000, 146, 136.5000, 143, 214.5000, 0, 103.5000, 130.5000, 145.5000, 196.5000, 87, 113.5000, 50.5000], [135.5000, 36.5000, 79, 31, 79, 78.5000, 53, 54.5000, 16, 18, 4, 14, 319.5000, 973, 1266, 955, 184, 41.5000, 140, 50, 56.5000, 19.5000, 64.5000, 32.5000, 17.5000, 62.5000, 28, 50.5000, 4385, 3530, 9820.5000, 5167.5000, 102.5000, 26, 32, 27, 92.5000, 80.5000, 93.5000, 69.5000, 11, 16.5000, 5.5000, 11.5000, 370.5000, 278.5000, 366.5000, 376, 0, 74.5000, 0, 63.5000, 27, 17.5000, 18.5000, 26, 0, 39, 41.5000, 24.5000, 8365, 352.5000, 4576.5000, 304.5000], [265, 106.5000, 218, 60.5000, 91, 288, 111, 115, 24, 53, 15.5000, 27.5000, 362, 2917.5000, 2686.5000, 1733.5000, 224, 127.5000, 321, 92.5000, 29, 46, 73.5000, 35, 16, 244, 58, 142.5000, 3530, 15185, 22008, 9930.5000, 170, 53.5000, 99, 57.5000, 140.5000, 307.5000, 196, 131.5000, 13.5000, 44.5000, 11.5000, 41.5000, 464, 977.5000, 889.5000, 707.5000, 0, 220.5000, 0, 168, 23, 51, 45, 31.5000, 0, 87, 98.5000, 58.5000, 9834.5000, 1028.5000, 7349.5000, 613.5000], [547.5000, 208.5000, 468.5000, 122.5000, 213, 504, 311, 248.5000, 43.5000, 99, 28, 68.5000, 750.5000, 5790.5000, 6849.5000, 3928.5000, 567.5000, 255, 840.5000, 228.5000, 85, 79, 255.5000, 61.5000, 52, 482.5000, 135.5000, 306.5000, 9820.5000, 22008, 68977, 18827, 422, 108.5000, 251, 115, 355, 527, 613, 295, 37.5000, 132, 33, 72, 1182.5000, 1669, 2737.5000, 1520.5000, 0, 446, 0, 369, 73.5000, 88.5000, 136.5000, 102, 0, 178, 296.5000, 106.5000, 25299.5000, 1968, 24428.5000, 1299.5000], [359, 97.5000, 205, 85, 150.5000, 194, 100.5000, 198.5000, 38.5000, 53.5000, 8, 49, 477, 2628, 2915.5000, 2688, 341, 117, 318.5000, 120, 60, 37, 66, 63, 28.5000, 198.5000, 44.5000, 169.5000, 5167.5000, 9930.5000, 18827, 20684, 260.5000, 40.5000, 99, 53.5000, 190, 206.5000, 174.5000, 173, 23.5000, 56, 12.5000, 73, 734, 652.5000, 791.5000, 1098.5000, 0, 195, 0, 201.5000, 45.5000, 53, 38, 58.5000, 0, 70, 90, 70, 16337.5000, 794.5000, 8940, 891], [7675, 2635.5000, 3723, 2328.5000, 1405, 1625.5000, 1052.5000, 1271, 320, 1318, 125, 731.5000, 164.5000, 540.5000, 713, 517.5000, 7182, 776, 5687, 881.5000, 827.5000, 435, 1105.5000, 573, 179, 1185.5000, 337, 1008, 102.5000, 170, 422, 260.5000, 185575, 13234, 70525, 15888.5000, 3313.5000, 3275.5000, 3170.5000, 2914.5000, 929, 1410.5000, 440, 1015.5000, 819.5000, 588, 858, 860.5000, 0, 237.5000, 0, 244, 724, 710.5000, 648.5000, 981.5000, 0, 49.5000, 62, 48, 328, 159, 176.5000, 117], [1540, 4160, 1197.5000, 2879, 343.5000, 750, 403, 450, 49, 1011.5000, 26.5000, 493, 14, 90.5000, 142, 47.5000, 1166, 537, 1324, 516.5000, 258.5000, 197.5000, 542, 226.5000, 35.5000, 367, 87.5000, 220.5000, 26, 53.5000, 108.5000, 40.5000, 13234, 74775, 7243, 64465, 754, 1324.5000, 1085.5000, 814, 462, 1727, 276.5000, 941.5000, 105, 108, 149, 116.5000, 0, 125.5000, 0, 110, 309, 493, 446.5000, 487.5000, 0, 30.5000, 21.5000, 44, 49, 68, 38.5000, 34], [2822, 1320.5000, 2265, 1062.5000, 554, 945, 662, 569, 124.5000, 755, 83, 342.5000, 59.5000, 274.5000, 333, 191, 2904, 431, 3661, 465, 307.5000, 219.5000, 578.5000, 222.5000, 83.5000, 697, 226.5000, 447.5000, 32, 99, 251, 99, 70525, 7243, 53078, 7702, 1396, 1852.5000, 2133.5000, 1191.5000, 392, 813.5000, 313, 477, 305.5000, 276.5000, 478, 373.5000, 0, 108.5000, 0, 115.5000, 298, 412, 442, 508.5000, 0, 21, 42.5000, 28.5000, 135.5000, 68.5000, 93.5000, 42.5000], [1885.5000, 4252.5000, 1145, 4954.5000, 581.5000, 682, 444.5000, 544, 88, 1146, 30, 710.5000, 22, 85.5000, 202.5000, 94.5000, 1551, 537.5000, 1337, 682, 321.5000, 200, 520.5000, 268.5000, 52, 373, 111, 258, 27, 57.5000, 115, 53.5000, 15888.5000, 64465, 7702, 100513, 913.5000, 1142, 1144.5000, 1059.5000, 688, 1695.5000, 397.5000, 1257.5000, 126.5000, 102, 165, 163, 0, 109, 0, 163.5000, 419, 480, 473.5000, 645, 0, 39.5000, 29.5000, 48, 66, 51, 43.5000, 49], [1673.5000, 741.5000, 935.5000, 541.5000, 1381.5000, 1132, 876.5000, 900.5000, 116, 958.5000, 33.5000, 539.5000, 175, 429.5000, 634.5000, 428.5000, 1028, 212.5000, 798, 229.5000, 726.5000, 322, 845, 562.5000, 53, 331.5000, 103, 308.5000, 92.5000, 140.5000, 355, 190, 3313.5000, 754, 1396, 913.5000, 35728, 24234.5000, 29203.5000, 25873, 777, 1363.5000, 373.5000, 1266, 1339, 784.5000, 1235.5000, 1241.5000, 0, 110.5000, 0, 120.5000, 1852, 1308.5000, 1330.5000, 2107, 0, 415, 41.5000, 402, 291.5000, 197.5000, 191.5000, 148], [1673.5000, 1024.5000, 1424.5000, 654, 835.5000, 2163.5000, 1062.5000, 951, 80.5000, 1395, 60, 667, 111, 709, 805.5000, 456, 1034, 390.5000, 1315.5000, 286, 540, 581.5000, 1127.5000, 465.5000, 62.5000, 746.5000, 178.5000, 425, 80.5000, 307.5000, 527, 206.5000, 3275.5000, 1324.5000, 1852.5000, 1142, 24234.5000, 49045, 34720.5000, 25809.5000, 534, 2473, 442.5000, 1430.5000, 914.5000, 1594, 1625, 1287.5000, 0, 207, 0, 131.5000, 1385.5000, 2224.5000, 1879, 1976.5000, 0, 601.5000, 79.5000, 454, 220.5000, 277.5000, 201, 166], [1601, 864.5000, 1308, 601, 999, 1688.5000, 1338, 810.5000, 82, 1329, 60, 602, 131.5000, 562, 766, 422.5000, 1120.5000, 337.5000, 1320, 275, 583, 412, 1291, 472.5000, 66.5000, 641, 196.5000, 388.5000, 93.5000, 196, 613, 174.5000, 3170.5000, 1085.5000, 2133.5000, 1144.5000, 29203.5000, 34720.5000, 48743, 22664.5000, 583.5000, 2050.5000, 594.5000, 1319.5000, 1028.5000, 1091.5000, 2022.5000, 1100, 0, 172, 0, 140, 1492.5000, 1613.5000, 2317.5000, 1867, 0, 502.5000, 87.5000, 416, 278.5000, 214.5000, 225, 164.5000], [1702.5000, 881.5000, 949.5000, 596.5000, 924.5000, 1193.5000, 630.5000, 1300, 110, 954, 26, 609, 108, 424, 553.5000, 414.5000, 988, 263, 794, 201.5000, 673, 329, 761.5000, 642, 47, 311.5000, 69.5000, 340, 69.5000, 131.5000, 295, 173, 2914.5000, 814, 1191.5000, 1059.5000, 25873, 25809.5000, 22664.5000, 35992, 669, 1482, 339, 1611.5000, 994.5000, 752, 1033.5000, 1519, 0, 204, 0, 133, 1505.5000, 1359.5000, 1176.5000, 2604.5000, 0, 409, 55, 462, 253.5000, 187, 143.5000, 163.5000], [547, 589.5000, 294, 599.5000, 117.5000, 98, 74.5000, 85.5000, 91.5000, 419.5000, 31, 387, 14, 26, 67.5000, 32, 239, 56, 177, 87, 91, 33.5000, 106.5000, 72, 23.5000, 101, 29.5000, 116.5000, 11, 13.5000, 37.5000, 23.5000, 929, 462, 392, 688, 777, 534, 583.5000, 669, 28352, 23098.5000, 9861.5000, 28128.5000, 60.5000, 34.5000, 61, 52.5000, 0, 42, 0, 31.5000, 156.5000, 139.5000, 123.5000, 176, 0, 34.5000, 25.5000, 40.5000, 39, 29.5000, 22, 34], [1000, 2012, 790.5000, 1418.5000, 209.5000, 528, 282, 242.5000, 68, 1630, 38.5000, 858.5000, 23, 102, 206.5000, 59.5000, 570.5000, 294, 683, 254, 140.5000, 135, 331, 140, 34.5000, 464, 90.5000, 269, 16.5000, 44.5000, 132, 56, 1410.5000, 1727, 813.5000, 1695.5000, 1363.5000, 2473, 2050.5000, 1482, 23098.5000, 98329, 17014, 67064, 82.5000, 144, 141, 128.5000, 0, 82, 0, 80, 343, 573.5000, 591.5000, 528, 0, 114, 72, 94.5000, 55, 80, 44, 58], [248, 344, 202, 328.5000, 58, 88.5000, 85.5000, 45.5000, 35, 322.5000, 38, 229.5000, 13, 17, 47, 13, 139.5000, 48, 152, 53, 46.5000, 23.5000, 76, 28.5000, 17, 91, 39, 71.5000, 5.5000, 11.5000, 33, 12.5000, 440, 276.5000, 313, 397.5000, 373.5000, 442.5000, 594.5000, 339, 9861.5000, 17014, 8907, 15080.5000, 28, 25, 49, 28, 0, 12.5000, 0, 13.5000, 88.5000, 97, 135, 99.5000, 0, 26, 32, 27, 22, 16.5000, 12.5000, 20.5000], [744.5000, 1315.5000, 478.5000, 1050, 153, 277, 156, 209.5000, 80.5000, 941, 40, 793, 9, 50, 108.5000, 55, 417, 165.5000, 359.5000, 173.5000, 171, 82.5000, 207, 136.5000, 36, 240.5000, 42, 223.5000, 11.5000, 41.5000, 72, 73, 1015.5000, 941.5000, 477, 1257.5000, 1266, 1430.5000, 1319.5000, 1611.5000, 28128.5000, 67064, 15080.5000, 83189, 75.5000, 62.5000, 88, 135.5000, 0, 126.5000, 0, 87, 312.5000, 358, 290.5000, 461.5000, 0, 98.5000, 47.5000, 85, 52.5000, 82, 38.5000, 52.5000], [550, 164, 325.5000, 110.5000, 827, 811, 549, 745, 54, 102, 18, 62.5000, 2130, 6266, 1204, 6069.5000, 295.5000, 77.5000, 242.5000, 64, 110, 59, 127.5000, 82, 21.5000, 106, 32, 140.5000, 370.5000, 464, 1182.5000, 734, 819.5000, 105, 305.5000, 126.5000, 1339, 914.5000, 1028.5000, 994.5000, 60.5000, 82.5000, 28, 75.5000, 32196, 14323.5000, 24553.5000, 25223.5000, 0, 122, 0, 167.5000, 130, 91.5000, 98, 146.5000, 0, 256, 36, 257.5000, 1253.5000, 266.5000, 658, 259.5000], [476, 165, 322.5000, 101.5000, 469, 1340, 614, 498.5000, 30, 163.5000, 15, 70, 1028, 9107.5000, 1257.5000, 5726.5000, 211.5000, 86.5000, 315.5000, 70, 86, 99.5000, 184.5000, 74, 15.5000, 204.5000, 43.5000, 131, 278.5000, 977.5000, 1669, 652.5000, 588, 108, 276.5000, 102, 784.5000, 1594, 1091.5000, 752, 34.5000, 144, 25, 62.5000, 14323.5000, 26764, 25252.5000, 20918, 0, 150.5000, 0, 125.5000, 76.5000, 132, 130.5000, 102.5000, 0, 350, 58.5000, 247.5000, 773, 377.5000, 570.5000, 244.5000], [591.5000, 241.5000, 448.5000, 146.5000, 699, 1618, 1035, 790, 43.5000, 193.5000, 25, 96, 1769.5000, 10230.5000, 1994.5000, 7863.5000, 309.5000, 129.5000, 423, 113, 121, 91, 244.5000, 77, 27, 272.5000, 55.5000, 171, 366.5000, 889.5000, 2737.5000, 791.5000, 858, 149, 478, 165, 1235.5000, 1625, 2022.5000, 1033.5000, 61, 141, 49, 88, 24553.5000, 25252.5000, 48801, 26299, 0, 183.5000, 0, 163, 161.5000, 144.5000, 175.5000, 167.5000, 0, 378.5000, 98, 299, 1131.5000, 440.5000, 1035, 320.5000], [664.5000, 224, 401, 156, 866.5000, 1174.5000, 679, 1075, 61.5000, 143.5000, 12, 105, 1589, 9560.5000, 1438, 9256.5000, 379, 82, 328, 105, 128, 72.5000, 167.5000, 125.5000, 17, 192, 38.5000, 201.5000, 376, 707.5000, 1520.5000, 1098.5000, 860.5000, 116.5000, 373.5000, 163, 1241.5000, 1287.5000, 1100, 1519, 52.5000, 128.5000, 28, 135.5000, 25223.5000, 20918, 26299, 43272, 0, 166, 0, 184, 164.5000, 139.5000, 138, 199.5000, 0, 382, 51, 375, 1194.5000, 400, 704.5000, 408.5000], [0, 0, 0, 0, 0, 0, 0, 0, 0, 0, 0, 0, 0, 0, 0, 0, 0, 0, 0, 0, 0, 0, 0, 0, 0, 0, 0, 0, 0, 0, 0, 0, 0, 0, 0, 0, 0, 0, 0, 0, 0, 0, 0, 0, 0, 0, 0, 0, 12243, 0, 1789, 0, 0, 0, 0, 0, 3035, 0, 0, 0, 0, 0, 0, 0], [328, 351.5000, 207, 210.5000, 67, 101, 64, 68.5000, 45, 83.5000, 9.5000, 45, 40, 267, 370, 200, 197.5000, 1182, 180.5000, 939.5000, 21.5000, 19.5000, 33.5000, 12, 20.5000, 229.5000, 44.5000, 189.5000, 74.5000, 220.5000, 446, 195, 237.5000, 125.5000, 108.5000, 109, 110.5000, 207, 172, 204, 42, 82, 12.5000, 126.5000, 122, 150.5000, 183.5000, 166, 0, 50644, 0, 37124.5000, 82.5000, 79, 65, 102, 0, 120, 866.5000, 66, 251, 5458.5000, 163.5000, 2954], [0, 0, 0, 0, 0, 0, 0, 0, 0, 0, 0, 0, 0, 0, 0, 0, 0, 0, 0, 0, 0, 0, 0, 0, 0, 0, 0, 0, 0, 0, 0, 0, 0, 0, 0, 0, 0, 0, 0, 0, 0, 0, 0, 0, 0, 0, 0, 0, 1789, 0, 686, 0, 0, 0, 0, 0, 702, 0, 0, 0, 0, 0, 0, 0], [313.5000, 284, 127, 304, 84.5000, 105, 76, 64, 45, 85.5000, 8, 64, 56.5000, 229, 301, 211, 187, 999.5000, 196, 1427, 21.5000, 13.5000, 35.5000, 21, 22.5000, 199, 59, 194.5000, 63.5000, 168, 369, 201.5000, 244, 110, 115.5000, 163.5000, 120.5000, 131.5000, 140, 133, 31.5000, 80, 13.5000, 87, 167.5000, 125.5000, 163, 184, 0, 37124.5000, 0, 53867, 72, 70.5000, 60, 121, 0, 118, 679, 149.5000, 287.5000, 4278.5000, 184.5000, 3641.5000], [544, 516.5000, 302.5000, 418, 1183, 887, 729.5000, 820.5000, 54, 2187, 18.5000, 1408.5000, 29, 67.5000, 140.5000, 58.5000, 436.5000, 89, 295.5000, 124.5000, 368.5000, 117.5000, 357.5000, 198.5000, 20, 150.5000, 40.5000, 146, 27, 23, 73.5000, 45.5000, 724, 309, 298, 419, 1852, 1385.5000, 1492.5000, 1505.5000, 156.5000, 343, 88.5000, 312.5000, 130, 76.5000, 161.5000, 164.5000, 0, 82.5000, 0, 72, 11428, 6526.5000, 7024.5000, 9831.5000, 0, 136.5000, 25, 112, 177, 57, 66, 62.5000], [444.5000, 724.5000, 407.5000, 459.5000, 695, 1578.5000, 700.5000, 876.5000, 36.5000, 3172.5000, 16, 1440, 17, 88.5000, 168.5000, 69, 340, 135.5000, 394, 119.5000, 187.5000, 241.5000, 316, 189, 23, 191, 43.5000, 136.5000, 17.5000, 51, 88.5000, 53, 710.5000, 493, 412, 480, 1308.5000, 2224.5000, 1613.5000, 1359.5000, 139.5000, 573.5000, 97, 358, 91.5000, 132, 144.5000, 139.5000, 0, 79, 0, 70.5000, 6526.5000, 12762, 9261, 10065.5000, 0, 163.5000, 20, 130, 72.5000, 114, 46, 62.5000], [418, 630, 408.5000, 426, 673, 1494.5000, 1015, 698.5000, 34.5000, 3226.5000, 16.5000, 1294, 20.5000, 78.5000, 202.5000, 53, 334.5000, 126, 459.5000, 123, 188.5000, 148.5000, 461.5000, 162, 17.5000, 208, 63.5000, 143, 18.5000, 45, 136.5000, 38, 648.5000, 446.5000, 442, 473.5000, 1330.5000, 1879, 2317.5000, 1176.5000, 123.5000, 591.5000, 135, 290.5000, 98, 130.5000, 175.5000, 138, 0, 65, 0, 60, 7024.5000, 9261, 14838, 8445.5000, 0, 173, 50, 114.5000, 68, 68, 82, 44.5000], [772, 776.5000, 501.5000, 598.5000, 1214, 1405, 847.5000, 1503, 55, 3197.5000, 14, 1912.5000, 22, 85.5000, 208.5000, 105.5000, 541.5000, 169.5000, 379.5000, 190.5000, 321.5000, 181.5000, 342.5000, 343, 23.5000, 215.5000, 48, 214.5000, 26, 31.5000, 102, 58.5000, 981.5000, 487.5000, 508.5000, 645, 2107, 1976.5000, 1867, 2604.5000, 176, 528, 99.5000, 461.5000, 146.5000, 102.5000, 167.5000, 199.5000, 0, 102, 0, 121, 9831.5000, 10065.5000, 8445.5000, 19356, 0, 179.5000, 16.5000, 188, 101, 74.5000, 56, 116.5000], [0, 0, 0, 0, 0, 0, 0, 0, 0, 0, 0, 0, 0, 0, 0, 0, 0, 0, 0, 0, 0, 0, 0, 0, 0, 0, 0, 0, 0, 0, 0, 0, 0, 0, 0, 0, 0, 0, 0, 0, 0, 0, 0, 0, 0, 0, 0, 0, 3035, 0, 702, 0, 0, 0, 0, 0, 2357, 0, 0, 0, 0, 0, 0, 0], [77.5000, 156.5000, 41, 65.5000, 153, 380.5000, 191.5000, 174, 14, 320.5000, 7, 163, 36, 232.5000, 183, 141, 39.5000, 72.5000, 67, 55, 6.5000, 8, 11.5000, 10, 14.5000, 155, 37, 103.5000, 39, 87, 178, 70, 49.5000, 30.5000, 21, 39.5000, 415, 601.5000, 502.5000, 409, 34.5000, 114, 26, 98.5000, 256, 350, 378.5000, 382, 0, 120, 0, 118, 136.5000, 163.5000, 173, 179.5000, 0, 16517, 35.5000, 11413, 65.5000, 135.5000, 56, 88], [89.5000, 33.5000, 95, 31, 20, 57, 40, 18.5000, 34, 26.5000, 8, 16.5000, 32, 92.5000, 265, 101.5000, 69, 143, 74.5000, 125, 13.5000, 7, 29, 11.5000, 14.5000, 156, 54, 130.5000, 41.5000, 98.5000, 296.5000, 90, 62, 21.5000, 42.5000, 29.5000, 41.5000, 79.5000, 87.5000, 55, 25.5000, 72, 32, 47.5000, 36, 58.5000, 98, 51, 0, 866.5000, 0, 679, 25, 20, 50, 16.5000, 0, 35.5000, 60071, 32.5000, 155.5000, 813, 139, 533], [82.5000, 104, 39, 73.5000, 193, 245.5000, 124.5000, 169, 16.5000, 222, 9, 182, 24.5000, 137.5000, 152, 103, 47.5000, 52, 59.5000, 73.5000, 10, 11, 16, 18, 12.5000, 132, 26, 145.5000, 24.5000, 58.5000, 106.5000, 70, 48, 44, 28.5000, 48, 402, 454, 416, 462, 40.5000, 94.5000, 27, 85, 257.5000, 247.5000, 299, 375, 0, 66, 0, 149.5000, 112, 130, 114.5000, 188, 0, 11413, 32.5000, 14637, 64, 128.5000, 46, 167], [505, 104.5000, 238.5000, 98, 241.5000, 222, 151, 188.5000, 63, 58.5000, 13, 46.5000, 950.5000, 2825, 4032, 3054.5000, 443, 119.5000, 351, 124.5000, 66.5000, 27, 86, 48.5000, 30.5000, 212, 52.5000, 196.5000, 8365, 9834.5000, 25299.5000, 16337.5000, 328, 49, 135.5000, 66, 291.5000, 220.5000, 278.5000, 253.5000, 39, 55, 22, 52.5000, 1253.5000, 773, 1131.5000, 1194.5000, 0, 251, 0, 287.5000, 177, 72.5000, 68, 101, 0, 65.5000, 155.5000, 64, 40096, 1156, 16096.5000, 1290.5000], [153, 162.5000, 135.5000, 86.5000, 95, 164, 80.5000, 110, 22, 68.5000, 12, 24.5000, 171, 975, 1353, 716, 103.5000, 562, 112.5000, 369, 21.5000, 24.5000, 57, 24.5000, 12.5000, 137.5000, 16.5000, 87, 352.5000, 1028.5000, 1968, 794.5000, 159, 68, 68.5000, 51, 197.5000, 277.5000, 214.5000, 187, 29.5000, 80, 16.5000, 82, 266.5000, 377.5000, 440.5000, 400, 0, 5458.5000, 0, 4278.5000, 57, 114, 68, 74.5000, 0, 135.5000, 813, 128.5000, 1156, 86771, 791.5000, 43238.5000], [302, 87, 189.5000, 69.5000, 150, 200.5000, 131, 145.5000, 26, 57, 8, 28.5000, 415, 2064.5000, 3069.5000, 1927, 243.5000, 110.5000, 308.5000, 93, 42, 32.5000, 104.5000, 32.5000, 24, 136.5000, 52.5000, 113.5000, 4576.5000, 7349.5000, 24428.5000, 8940, 176.5000, 38.5000, 93.5000, 43.5000, 191.5000, 201, 225, 143.5000, 22, 44, 12.5000, 38.5000, 658, 570.5000, 1035, 704.5000, 0, 163.5000, 0, 184.5000, 66, 46, 82, 56, 0, 56, 139, 46, 16096.5000, 791.5000, 15145, 798], [128, 98.5000, 68.5000, 86, 80, 122.5000, 80.5000, 84, 11.5000, 53, 5, 39.5000, 182, 734.5000, 1033.5000, 844, 100.5000, 278.5000, 98, 288.5000, 29.5000, 17.5000, 44, 19, 12, 63.5000, 12.5000, 50.5000, 304.5000, 613.5000, 1299.5000, 891, 117, 34, 42.5000, 49, 148, 166, 164.5000, 163.5000, 34, 58, 20.5000, 52.5000, 259.5000, 244.5000, 320.5000, 408.5000, 0, 2954, 0, 3641.5000, 62.5000, 62.5000, 44.5000, 116.5000, 0, 88, 533, 167, 1290.5000, 43238.5000, 798, 58248]]:
