# Refined counts and mutations matrices for hum after round 5
# Minimal count is 1 for TGT<->CCG.

CodonCounts:=[[21498, 545, 9387, 818.5000, 711, 161.5000, 112.5000, 234.5000, 2890, 271.5000, 983, 452.5000, 381.5000, 98.5000, 196, 169.5000, 830, 143, 828, 127.5000, 59, 25, 13.5000, 42.5000, 483, 245.5000, 354.5000, 149, 55, 25, 60.5000, 37, 2118, 187.5000, 625, 211, 184.5000, 81.5000, 31, 48, 213.5000, 87, 79.5000, 95, 139, 60, 104, 74.5000, 0, 81.5000, 0, 90, 90, 78, 8.5000, 61, 0, 23, 38, 15.5000, 46, 21.5000, 26.5000, 20.5000], [545, 9941, 884.5000, 4252, 212.5000, 764, 115.5000, 478, 232.5000, 1829.5000, 245, 1107, 57.5000, 321, 74, 172.5000, 162, 791, 276.5000, 319, 24.5000, 61, 14, 32.5000, 39.5000, 86, 55, 100, 20, 59.5000, 35.5000, 35, 251, 1370, 233, 511, 72, 348, 54.5000, 99.5000, 74.5000, 501, 106.5000, 179.5000, 18.5000, 122.5000, 37.5000, 99, 0, 444.5000, 0, 224.5000, 80, 287, 31.5000, 136.5000, 0, 76.5000, 12, 38, 8.5000, 90, 10.5000, 59], [9387, 884.5000, 21585, 877, 293.5000, 162, 229.5000, 165, 1189.5000, 415, 2098.5000, 478.5000, 101, 96, 321.5000, 104.5000, 510, 163, 1971, 155, 43.5000, 51.5000, 29.5000, 44.5000, 295, 375, 647.5000, 205.5000, 26, 36, 115, 40, 756.5000, 232.5000, 1420, 191.5000, 89, 96, 73, 61, 101.5000, 176, 201, 96, 41, 67.5000, 184, 48.5000, 0, 174.5000, 0, 74.5000, 67.5000, 128, 20.5000, 73.5000, 0, 36.5000, 57.5000, 30, 27, 38, 58, 30], [818.5000, 4252, 877, 5756, 236.5000, 379.5000, 113, 805.5000, 302.5000, 915, 216, 1624, 74.5000, 139.5000, 98, 312, 147, 332.5000, 250, 346, 33, 33.5000, 11.5000, 66, 62.5000, 49, 71.5000, 118, 28.5000, 28.5000, 41.5000, 62, 413.5000, 673.5000, 243.5000, 941.5000, 86, 213.5000, 35.5000, 144.5000, 161.5000, 285, 126, 356.5000, 27, 49.5000, 52.5000, 112.5000, 0, 301.5000, 0, 336.5000, 121, 213, 28, 173.5000, 0, 53.5000, 58, 78, 21.5000, 63.5000, 23, 95], [711, 212.5000, 293.5000, 236.5000, 4530, 2148.5000, 1187, 2586, 867.5000, 258.5000, 199, 369.5000, 446.5000, 266, 337.5000, 355, 221, 53.5000, 178.5000, 25, 156, 84.5000, 25.5000, 70.5000, 101, 23, 36, 34, 53.5000, 34.5000, 101, 61, 320.5000, 117, 115.5000, 129, 655, 362, 188, 295.5000, 133, 89.5000, 80, 67.5000, 174.5000, 153.5000, 236, 151.5000, 0, 34, 0, 36.5000, 778.5000, 306.5000, 122, 260.5000, 0, 34.5000, 16, 28.5000, 86, 92, 60.5000, 47.5000], [161.5000, 764, 162, 379.5000, 2148.5000, 14631, 1162.5000, 2487, 144, 1219.5000, 141, 594.5000, 155, 1185.5000, 230.5000, 447, 70, 210, 132.5000, 72.5000, 69, 237, 42, 122, 30, 52.5000, 48.5000, 29.5000, 30.5000, 118, 85.5000, 50.5000, 78.5000, 261, 86, 81, 259, 1703, 167, 376.5000, 55, 241.5000, 40, 81, 68, 433.5000, 203, 168, 0, 154, 0, 57.5000, 292, 1028.5000, 85.5000, 324.5000, 0, 56.5000, 63, 35.5000, 38, 140, 31, 50], [112.5000, 115.5000, 229.5000, 113, 1187, 1162.5000, 4839, 809, 44.5000, 168, 115, 176.5000, 88.5000, 192, 359, 92.5000, 28, 35.5000, 101, 18, 32, 34, 29, 22.5000, 12, 8.5000, 70, 8, 13.5000, 17.5000, 587, 16.5000, 63, 84.5000, 67.5000, 35, 128, 182.5000, 181, 106.5000, 26.5000, 34.5000, 64.5000, 38, 24.5000, 55.5000, 123.5000, 40, 0, 12, 0, 17, 303, 246.5000, 268.5000, 96, 0, 12.5000, 5, 12, 27, 25, 32, 9.5000], [234.5000, 478, 165, 805.5000, 2586, 2487, 809, 9455, 340, 560, 168, 1430, 193.5000, 517.5000, 294, 1387, 84.5000, 138.5000, 148.5000, 102.5000, 65, 80.5000, 18.5000, 209.5000, 58, 36.5000, 37, 89, 22.5000, 62.5000, 85, 132.5000, 116, 197.5000, 87.5000, 238.5000, 313, 592.5000, 142.5000, 970, 127, 169, 100, 264.5000, 88, 198, 199.5000, 388, 0, 121, 0, 131, 383.5000, 384, 64, 679.5000, 0, 28.5000, 46, 70.5000, 47, 61, 46.5000, 134], [2890, 232.5000, 1189.5000, 302.5000, 867.5000, 144, 44.5000, 340, 14633, 427.5000, 2383.5000, 678.5000, 523.5000, 89.5000, 105, 149, 288, 72.5000, 287, 69, 32.5000, 12, 6, 19.5000, 1619.5000, 516.5000, 780, 285, 60.5000, 19.5000, 27.5000, 31.5000, 258, 49.5000, 102, 56, 130, 53.5000, 32.5000, 41, 599, 161, 176, 118, 117, 92.5000, 66.5000, 46, 0, 41.5000, 0, 35.5000, 60, 52.5000, 7.5000, 40.5000, 0, 28, 108, 42, 41, 13.5000, 20.5000, 22.5000], [271.5000, 1829.5000, 415, 915, 258.5000, 1219.5000, 168, 560, 427.5000, 6385, 408.5000, 3036.5000, 63, 275, 75, 187, 98.5000, 392, 183, 136.5000, 38.5000, 104, 27, 44.5000, 61.5000, 110.5000, 72.5000, 109.5000, 10, 70, 32, 32.5000, 127, 425, 107.5000, 195, 109.5000, 476, 81.5000, 147.5000, 209.5000, 875, 194.5000, 364.5000, 20, 105, 58, 55, 0, 146, 0, 88.5000, 517.5000, 511.5000, 69.5000, 254, 0, 198, 94, 113.5000, 14.5000, 92.5000, 14, 52.5000], [983, 245, 2098.5000, 216, 199, 141, 115, 168, 2383.5000, 408.5000, 2787, 529.5000, 119.5000, 59, 124, 73, 155.5000, 90, 434.5000, 63.5000, 18.5000, 14.5000, 9, 10.5000, 515, 496, 782.5000, 244, 18, 15.5000, 49.5000, 19, 103, 92, 215.5000, 64, 71.5000, 87, 86, 35.5000, 196.5000, 119, 663.5000, 87.5000, 38, 32.5000, 58.5000, 29, 0, 83, 0, 52, 40, 79, 9, 37, 0, 39, 135, 36.5000, 33.5000, 19, 48, 16.5000], [452.5000, 1107, 478.5000, 1624, 369.5000, 594.5000, 176.5000, 1430, 678.5000, 3036.5000, 529.5000, 5763, 108.5000, 202, 75.5000, 539, 117, 194, 186.5000, 225, 62, 52, 18, 97, 78.5000, 69.5000, 92.5000, 276, 18.5000, 42, 35.5000, 101, 284, 446.5000, 111, 632, 118.5000, 305, 84.5000, 245, 426.5000, 473.5000, 289.5000, 902.5000, 27, 76.5000, 61, 156, 0, 212.5000, 0, 271, 557.5000, 305.5000, 71.5000, 335, 0, 82, 144, 174, 13.5000, 75, 32.5000, 153.5000], [381.5000, 57.5000, 101, 74.5000, 446.5000, 155, 88.5000, 193.5000, 523.5000, 63, 119.5000, 108.5000, 1540, 1285, 776, 1394.5000, 143.5000, 21.5000, 122, 19, 25.5000, 5, 2.5000, 5, 75.5000, 7, 30.5000, 11.5000, 129.5000, 129, 265.5000, 146.5000, 269, 23.5000, 78, 30.5000, 179, 57, 24.5000, 45.5000, 61, 14, 26, 16, 436.5000, 388, 550, 276, 0, 31.5000, 0, 36.5000, 94.5000, 40.5000, 11.5000, 23.5000, 0, 7.5000, 33.5000, 12.5000, 137.5000, 63.5000, 148, 75.5000], [98.5000, 321, 96, 139.5000, 266, 1185.5000, 192, 517.5000, 89.5000, 275, 59, 202, 1285, 10693, 891.5000, 4087.5000, 47.5000, 101.5000, 73, 34.5000, 22.5000, 52, 6, 36, 15, 20, 16, 19.5000, 84, 724.5000, 552.5000, 308.5000, 66.5000, 66.5000, 37.5000, 40.5000, 85.5000, 326, 42, 104, 18.5000, 68.5000, 19.5000, 40.5000, 273, 2247, 1080, 688, 0, 153, 0, 60, 83, 150, 9.5000, 64.5000, 0, 32.5000, 22, 32.5000, 94.5000, 407.5000, 177.5000, 231], [196, 74, 321.5000, 98, 337.5000, 230.5000, 359, 294, 105, 75, 124, 75.5000, 776, 891.5000, 15352, 758.5000, 90, 51.5000, 316.5000, 37, 32, 30, 25.5000, 20, 23.5000, 19.5000, 61.5000, 16.5000, 171, 398, 1696, 288.5000, 130, 21, 93.5000, 33.5000, 142, 200, 64, 113.5000, 42, 45, 86.5000, 26.5000, 218, 303, 1248.5000, 223.5000, 0, 37, 0, 41.5000, 101, 77.5000, 24.5000, 63, 0, 16.5000, 40, 28.5000, 172, 208, 627, 408.5000], [169.5000, 172.5000, 104.5000, 312, 355, 447, 92.5000, 1387, 149, 187, 73, 539, 1394.5000, 4087.5000, 758.5000, 8827, 52.5000, 38, 49, 45.5000, 27.5000, 12.5000, 7, 33.5000, 21, 10, 24, 36, 113, 380.5000, 460.5000, 657, 78, 35.5000, 39, 57.5000, 129.5000, 118, 30.5000, 186, 42, 68, 20, 53.5000, 279.5000, 807.5000, 778, 1160.5000, 0, 48.5000, 0, 47.5000, 84, 80, 11, 104, 0, 17.5000, 10.5000, 71.5000, 79.5000, 161, 193, 330], [830, 162, 510, 147, 221, 70, 28, 84.5000, 288, 98.5000, 155.5000, 117, 143.5000, 47.5000, 90, 52.5000, 5908, 632.5000, 5488, 399, 134, 60.5000, 56, 66.5000, 527.5000, 121, 271, 181.5000, 98, 65, 166.5000, 65, 1040.5000, 160.5000, 440.5000, 126.5000, 102, 66, 14, 45.5000, 94.5000, 38.5000, 54.5000, 50, 94.5000, 41, 80.5000, 43, 0, 141.5000, 0, 123, 104, 91, 17, 68, 0, 36, 102.5000, 49.5000, 65, 29.5000, 51.5000, 29], [143, 791, 163, 332.5000, 53.5000, 210, 35.5000, 138.5000, 72.5000, 392, 90, 194, 21.5000, 101.5000, 51.5000, 38, 632.5000, 8108, 1095, 6159.5000, 65.5000, 127.5000, 37.5000, 59, 97.5000, 261.5000, 124.5000, 108, 31, 124, 76.5000, 63, 154.5000, 338, 134, 117.5000, 41, 197, 37, 52, 20, 212.5000, 29, 100.5000, 23.5000, 79, 32.5000, 46, 0, 834.5000, 0, 401, 41.5000, 200, 14.5000, 88, 0, 95, 69.5000, 46.5000, 15.5000, 136, 21, 95], [828, 276.5000, 1971, 250, 178.5000, 132.5000, 101, 148.5000, 287, 183, 434.5000, 186.5000, 122, 73, 316.5000, 49, 5488, 1095, 23505, 660, 192.5000, 151.5000, 210, 123.5000, 372.5000, 321.5000, 964, 371, 101.5000, 198, 733, 109, 1005, 292.5000, 1906, 169, 131.5000, 147.5000, 54, 81, 99.5000, 91, 122.5000, 47, 92, 68.5000, 250.5000, 75, 0, 210.5000, 0, 151, 97.5000, 133, 31, 94.5000, 0, 64.5000, 281, 71, 91.5000, 45.5000, 179, 69], [127.5000, 319, 155, 346, 25, 72.5000, 18, 102.5000, 69, 136.5000, 63.5000, 225, 19, 34.5000, 37, 45.5000, 399, 6159.5000, 660, 15743, 40.5000, 68.5000, 11, 121, 94, 107, 89.5000, 195.5000, 20.5000, 55, 53, 95.5000, 127.5000, 133.5000, 84, 178.5000, 25, 75.5000, 14, 54.5000, 21.5000, 77.5000, 29.5000, 92, 13.5000, 27, 24, 41, 0, 353.5000, 0, 822.5000, 29.5000, 90.5000, 10.5000, 108, 0, 60.5000, 72.5000, 174.5000, 12, 76.5000, 21, 132.5000], [59, 24.5000, 43.5000, 33, 156, 69, 32, 65, 32.5000, 38.5000, 18.5000, 62, 25.5000, 22.5000, 32, 27.5000, 134, 65.5000, 192.5000, 40.5000, 6263, 2312.5000, 886.5000, 2220, 33.5000, 39, 31.5000, 24.5000, 87, 59.5000, 148, 40, 62, 22, 57, 21, 245, 144, 60, 93.5000, 49.5000, 38, 20, 28, 39, 32, 56.5000, 23, 0, 13.5000, 0, 20, 415, 185, 50.5000, 145, 0, 6, 18, 6.5000, 32, 14.5000, 32.5000, 21.5000], [25, 61, 51.5000, 33.5000, 84.5000, 237, 34, 80.5000, 12, 104, 14.5000, 52, 5, 52, 30, 12.5000, 60.5000, 127.5000, 151.5000, 68.5000, 2312.5000, 7766, 893.5000, 3665, 24, 153.5000, 30, 17, 18.5000, 235, 87, 128, 32.5000, 50.5000, 40, 23.5000, 91, 336, 46.5000, 128.5000, 21.5000, 67, 27, 27.5000, 18.5000, 101, 46, 16, 0, 70.5000, 0, 19, 130.5000, 588, 61.5000, 305.5000, 0, 21, 23, 15.5000, 19, 89, 17, 33], [13.5000, 14, 29.5000, 11.5000, 25.5000, 42, 29, 18.5000, 6, 27, 9, 18, 2.5000, 6, 25.5000, 7, 56, 37.5000, 210, 11, 886.5000, 893.5000, 919, 1301, 9.5000, 20.5000, 26, 13.5000, 28, 17.5000, 295, 23, 12, 21.5000, 47.5000, 14, 32.5000, 77, 46.5000, 41.5000, 17.5000, 21.5000, 19.5000, 6, 9, 13.5000, 35, 6.5000, 0, 15.5000, 0, 6, 42.5000, 63.5000, 60, 57.5000, 0, 2.5000, 8.5000, 1, 9, 6, 26, 29], [42.5000, 32.5000, 44.5000, 66, 70.5000, 122, 22.5000, 209.5000, 19.5000, 44.5000, 10.5000, 97, 5, 36, 20, 33.5000, 66.5000, 59, 123.5000, 121, 2220, 3665, 1301, 6439, 14, 70, 22.5000, 55.5000, 19.5000, 86.5000, 67, 172.5000, 34, 41.5000, 45, 33.5000, 90.5000, 226, 64, 373.5000, 36, 30.5000, 14.5000, 69.5000, 15.5000, 54.5000, 41, 53.5000, 0, 15.5000, 0, 44, 132.5000, 238.5000, 86.5000, 457, 0, 8, 20.5000, 28.5000, 13.5000, 21, 18, 75], [483, 39.5000, 295, 62.5000, 101, 30, 12, 58, 1619.5000, 61.5000, 515, 78.5000, 75.5000, 15, 23.5000, 21, 527.5000, 97.5000, 372.5000, 94, 33.5000, 24, 9.5000, 14, 2817, 878.5000, 919, 360.5000, 72.5000, 19, 67, 27, 72, 33.5000, 44.5000, 14.5000, 27, 16, 2, 11.5000, 84.5000, 44.5000, 105.5000, 40.5000, 30, 17.5000, 21.5000, 19.5000, 0, 35.5000, 0, 18.5000, 36.5000, 30.5000, 6, 17, 0, 30.5000, 51, 27.5000, 24, 8, 14, 9.5000], [245.5000, 86, 375, 49, 23, 52.5000, 8.5000, 36.5000, 516.5000, 110.5000, 496, 69.5000, 7, 20, 19.5000, 10, 121, 261.5000, 321.5000, 107, 39, 153.5000, 20.5000, 70, 878.5000, 4622, 1109.5000, 662, 17, 61, 35.5000, 23.5000, 27.5000, 42.5000, 57.5000, 25, 11.5000, 70.5000, 19, 28.5000, 21, 154, 22.5000, 43, 9.5000, 36.5000, 18.5000, 23.5000, 0, 112, 0, 40.5000, 15.5000, 56.5000, 7.5000, 39.5000, 0, 88.5000, 43, 28, 10, 37, 13.5000, 18.5000], [354.5000, 55, 647.5000, 71.5000, 36, 48.5000, 70, 37, 780, 72.5000, 782.5000, 92.5000, 30.5000, 16, 61.5000, 24, 271, 124.5000, 964, 89.5000, 31.5000, 30, 26, 22.5000, 919, 1109.5000, 1524, 398, 17, 24, 165.5000, 23.5000, 46, 66, 119, 29.5000, 25, 36.5000, 13.5000, 17.5000, 47.5000, 80, 194, 35.5000, 22, 15.5000, 29, 11.5000, 0, 52.5000, 0, 29.5000, 20.5000, 32, 16.5000, 16.5000, 0, 29.5000, 195, 21.5000, 17.5000, 18.5000, 31, 14.5000], [149, 100, 205.5000, 118, 34, 29.5000, 8, 89, 285, 109.5000, 244, 276, 11.5000, 19.5000, 16.5000, 36, 181.5000, 108, 371, 195.5000, 24.5000, 17, 13.5000, 55.5000, 360.5000, 662, 398, 511, 13, 27, 21.5000, 64.5000, 40.5000, 53, 29, 108.5000, 21.5000, 38, 15, 101, 24, 53.5000, 35.5000, 121.5000, 16, 26, 20, 59.5000, 0, 64.5000, 0, 117.5000, 19, 55.5000, 3.5000, 59.5000, 0, 46, 72.5000, 136.5000, 8.5000, 47, 14.5000, 59], [55, 20, 26, 28.5000, 53.5000, 30.5000, 13.5000, 22.5000, 60.5000, 10, 18, 18.5000, 129.5000, 84, 171, 113, 98, 31, 101.5000, 20.5000, 87, 18.5000, 28, 19.5000, 72.5000, 17, 17, 13, 666, 687.5000, 2192.5000, 831.5000, 35.5000, 6.5000, 24, 2.5000, 32.5000, 26, 33.5000, 18.5000, 17, 4, 12.5000, 10, 101, 96.5000, 245.5000, 70, 0, 35.5000, 0, 22, 38.5000, 21, 5, 17.5000, 0, 9.5000, 18, 6.5000, 332, 83.5000, 488.5000, 95], [25, 59.5000, 36, 28.5000, 34.5000, 118, 17.5000, 62.5000, 19.5000, 70, 15.5000, 42, 129, 724.5000, 398, 380.5000, 65, 124, 198, 55, 59.5000, 235, 17.5000, 86.5000, 19, 61, 24, 27, 687.5000, 9176, 3399.5000, 2526.5000, 29, 21, 23, 12, 38.5000, 165.5000, 22.5000, 58.5000, 9.5000, 39, 14.5000, 22.5000, 80, 650, 351, 190, 0, 190.5000, 0, 98.5000, 29, 113.5000, 5, 74.5000, 0, 49, 25.5000, 27.5000, 502.5000, 846, 828.5000, 371], [60.5000, 35.5000, 115, 41.5000, 101, 85.5000, 587, 85, 27.5000, 32, 49.5000, 35.5000, 265.5000, 552.5000, 1696, 460.5000, 166.5000, 76.5000, 733, 53, 148, 87, 295, 67, 67, 35.5000, 165.5000, 21.5000, 2192.5000, 3399.5000, 25549, 2908, 60, 16.5000, 82.5000, 16, 117.5000, 132.5000, 107, 91.5000, 21.5000, 21.5000, 87, 10, 211.5000, 384.5000, 1733.5000, 248.5000, 0, 78.5000, 0, 54.5000, 61, 61.5000, 44.5000, 49.5000, 0, 37, 92, 23.5000, 1191.5000, 397.5000, 3495, 349.5000], [37, 35, 40, 62, 61, 50.5000, 16.5000, 132.5000, 31.5000, 32.5000, 19, 101, 146.5000, 308.5000, 288.5000, 657, 65, 63, 109, 95.5000, 40, 128, 23, 172.5000, 27, 23.5000, 23.5000, 64.5000, 831.5000, 2526.5000, 2908, 6259, 34.5000, 31, 63.5000, 27, 34, 87, 18.5000, 69, 17.5000, 29.5000, 21.5000, 38, 106, 284.5000, 286.5000, 324.5000, 0, 99, 0, 158.5000, 27.5000, 54.5000, 6.5000, 99.5000, 0, 19, 14, 52.5000, 428, 433.5000, 677.5000, 799.5000], [2118, 251, 756.5000, 413.5000, 320.5000, 78.5000, 63, 116, 258, 127, 103, 284, 269, 66.5000, 130, 78, 1040.5000, 154.5000, 1005, 127.5000, 62, 32.5000, 12, 34, 72, 27.5000, 46, 40.5000, 35.5000, 29, 60, 34.5000, 15396, 1581, 9635.5000, 1351.5000, 583.5000, 181.5000, 87.5000, 128, 770, 181.5000, 250.5000, 200.5000, 325.5000, 102.5000, 263.5000, 101.5000, 0, 125, 0, 74, 114.5000, 82.5000, 22, 52.5000, 0, 9, 46.5000, 6, 39, 23.5000, 59, 32.5000], [187.5000, 1370, 232.5000, 673.5000, 117, 261, 84.5000, 197.5000, 49.5000, 425, 92, 446.5000, 23.5000, 66.5000, 21, 35.5000, 160.5000, 338, 292.5000, 133.5000, 22, 50.5000, 21.5000, 41.5000, 33.5000, 42.5000, 66, 53, 6.5000, 21, 16.5000, 31, 1581, 20661, 2536.5000, 5552, 161.5000, 519.5000, 225, 126.5000, 143, 1080.5000, 225, 206.5000, 20.5000, 126, 42.5000, 43, 0, 332.5000, 0, 127, 94, 170.5000, 33, 59.5000, 0, 23.5000, 25.5000, 8.5000, 7.5000, 60, 16.5000, 24.5000], [625, 233, 1420, 243.5000, 115.5000, 86, 67.5000, 87.5000, 102, 107.5000, 215.5000, 111, 78, 37.5000, 93.5000, 39, 440.5000, 134, 1906, 84, 57, 40, 47.5000, 45, 44.5000, 57.5000, 119, 29, 24, 23, 82.5000, 63.5000, 9635.5000, 2536.5000, 27466, 1544.5000, 192.5000, 232, 149.5000, 136.5000, 261, 229, 708, 126.5000, 112, 72.5000, 444, 67, 0, 82.5000, 0, 36, 51, 60.5000, 24.5000, 43, 0, 9, 52.5000, 7, 20, 19, 75, 22.5000], [211, 511, 191.5000, 941.5000, 129, 81, 35, 238.5000, 56, 195, 64, 632, 30.5000, 40.5000, 33.5000, 57.5000, 126.5000, 117.5000, 169, 178.5000, 21, 23.5000, 14, 33.5000, 14.5000, 25, 29.5000, 108.5000, 2.5000, 12, 16, 27, 1351.5000, 5552, 1544.5000, 7047, 99, 139, 56.5000, 169, 195, 230, 143, 437.5000, 26, 39, 59.5000, 83.5000, 0, 129.5000, 0, 192.5000, 78.5000, 75, 45, 91, 0, 7.5000, 38, 28.5000, 7, 17, 26.5000, 50], [184.5000, 72, 89, 86, 655, 259, 128, 313, 130, 109.5000, 71.5000, 118.5000, 179, 85.5000, 142, 129.5000, 102, 41, 131.5000, 25, 245, 91, 32.5000, 90.5000, 27, 11.5000, 25, 21.5000, 32.5000, 38.5000, 117.5000, 34, 583.5000, 161.5000, 192.5000, 99, 4668, 2046.5000, 1193.5000, 1659, 406.5000, 236, 259.5000, 146.5000, 401.5000, 179.5000, 512.5000, 200.5000, 0, 31, 0, 30, 1233.5000, 304, 127.5000, 279, 0, 30, 21.5000, 32.5000, 52.5000, 29, 53.5000, 33], [81.5000, 348, 96, 213.5000, 362, 1703, 182.5000, 592.5000, 53.5000, 476, 87, 305, 57, 326, 200, 118, 66, 197, 147.5000, 75.5000, 144, 336, 77, 226, 16, 70.5000, 36.5000, 38, 26, 165.5000, 132.5000, 87, 181.5000, 519.5000, 232, 139, 2046.5000, 14715, 1032, 4242.5000, 211, 1148, 151, 349, 130, 1331, 378.5000, 312.5000, 0, 228.5000, 0, 124.5000, 619, 1747.5000, 194, 556.5000, 0, 82.5000, 167, 58.5000, 29.5000, 246.5000, 61, 91.5000], [31, 54.5000, 73, 35.5000, 188, 167, 181, 142.5000, 32.5000, 81.5000, 86, 84.5000, 24.5000, 42, 64, 30.5000, 14, 37, 54, 14, 60, 46.5000, 46.5000, 64, 2, 19, 13.5000, 15, 33.5000, 22.5000, 107, 18.5000, 87.5000, 225, 149.5000, 56.5000, 1193.5000, 1032, 2522, 682, 126, 97.5000, 207, 82.5000, 68.5000, 137, 599, 97, 0, 27, 0, 27, 149, 120.5000, 75.5000, 102, 0, 13.5000, 13, 4.5000, 11, 16, 47.5000, 19.5000], [48, 99.5000, 61, 144.5000, 295.5000, 376.5000, 106.5000, 970, 41, 147.5000, 35.5000, 245, 45.5000, 104, 113.5000, 186, 45.5000, 52, 81, 54.5000, 93.5000, 128.5000, 41.5000, 373.5000, 11.5000, 28.5000, 17.5000, 101, 18.5000, 58.5000, 91.5000, 69, 128, 126.5000, 136.5000, 169, 1659, 4242.5000, 682, 6361, 160.5000, 355.5000, 129.5000, 568, 84, 288, 293.5000, 575, 0, 116.5000, 0, 109, 355.5000, 433, 94, 624.5000, 0, 32.5000, 107, 44.5000, 29, 64.5000, 45.5000, 64], [213.5000, 74.5000, 101.5000, 161.5000, 133, 55, 26.5000, 127, 599, 209.5000, 196.5000, 426.5000, 61, 18.5000, 42, 42, 94.5000, 20, 99.5000, 21.5000, 49.5000, 21.5000, 17.5000, 36, 84.5000, 21, 47.5000, 24, 17, 9.5000, 21.5000, 17.5000, 770, 143, 261, 195, 406.5000, 211, 126, 160.5000, 17809, 3199.5000, 6310.5000, 2775.5000, 104, 46, 88, 30, 0, 20, 0, 32, 100, 49.5000, 26.5000, 56.5000, 0, 30.5000, 50, 40.5000, 16, 10.5000, 11, 20], [87, 501, 176, 285, 89.5000, 241.5000, 34.5000, 169, 161, 875, 119, 473.5000, 14, 68.5000, 45, 68, 38.5000, 212.5000, 91, 77.5000, 38, 67, 21.5000, 30.5000, 44.5000, 154, 80, 53.5000, 4, 39, 21.5000, 29.5000, 181.5000, 1080.5000, 229, 230, 236, 1148, 97.5000, 355.5000, 3199.5000, 17220, 3969.5000, 2100, 18, 159, 71, 55.5000, 0, 255, 0, 78, 214.5000, 289.5000, 56.5000, 113.5000, 0, 88.5000, 144.5000, 65, 14, 82, 17.5000, 33.5000], [79.5000, 106.5000, 201, 126, 80, 40, 64.5000, 100, 176, 194.5000, 663.5000, 289.5000, 26, 19.5000, 86.5000, 20, 54.5000, 29, 122.5000, 29.5000, 20, 27, 19.5000, 14.5000, 105.5000, 22.5000, 194, 35.5000, 12.5000, 14.5000, 87, 21.5000, 250.5000, 225, 708, 143, 259.5000, 151, 207, 129.5000, 6310.5000, 3969.5000, 19512, 1862.5000, 42, 36, 184, 25.5000, 0, 48, 0, 14.5000, 45.5000, 55.5000, 31.5000, 63.5000, 0, 27, 144, 56.5000, 14.5000, 15.5000, 25, 25], [95, 179.5000, 96, 356.5000, 67.5000, 81, 38, 264.5000, 118, 364.5000, 87.5000, 902.5000, 16, 40.5000, 26.5000, 53.5000, 50, 100.5000, 47, 92, 28, 27.5000, 6, 69.5000, 40.5000, 43, 35.5000, 121.5000, 10, 22.5000, 10, 38, 200.5000, 206.5000, 126.5000, 437.5000, 146.5000, 349, 82.5000, 568, 2775.5000, 2100, 1862.5000, 3507, 20.5000, 48.5000, 48, 114, 0, 169.5000, 0, 119, 57.5000, 127.5000, 28, 147, 0, 37, 140.5000, 124, 12, 70.5000, 18, 61.5000], [139, 18.5000, 41, 27, 174.5000, 68, 24.5000, 88, 117, 20, 38, 27, 436.5000, 273, 218, 279.5000, 94.5000, 23.5000, 92, 13.5000, 39, 18.5000, 9, 15.5000, 30, 9.5000, 22, 16, 101, 80, 211.5000, 106, 325.5000, 20.5000, 112, 26, 401.5000, 130, 68.5000, 84, 104, 18, 42, 20.5000, 1174, 1004, 1757, 642.5000, 0, 17, 0, 14.5000, 79.5000, 26, 4, 29, 0, 6, 10.5000, 12, 156.5000, 50, 127.5000, 44.5000], [60, 122.5000, 67.5000, 49.5000, 153.5000, 433.5000, 55.5000, 198, 92.5000, 105, 32.5000, 76.5000, 388, 2247, 303, 807.5000, 41, 79, 68.5000, 27, 32, 101, 13.5000, 54.5000, 17.5000, 36.5000, 15.5000, 26, 96.5000, 650, 384.5000, 284.5000, 102.5000, 126, 72.5000, 39, 179.5000, 1331, 137, 288, 46, 159, 36, 48.5000, 1004, 17143, 2846, 1715.5000, 0, 321.5000, 0, 93, 75.5000, 167, 12, 75.5000, 0, 26, 41, 28, 129.5000, 596, 188, 232], [104, 37.5000, 184, 52.5000, 236, 203, 123.5000, 199.5000, 66.5000, 58, 58.5000, 61, 550, 1080, 1248.5000, 778, 80.5000, 32.5000, 250.5000, 24, 56.5000, 46, 35, 41, 21.5000, 18.5000, 29, 20, 245.5000, 351, 1733.5000, 286.5000, 263.5000, 42.5000, 444, 59.5000, 512.5000, 378.5000, 599, 293.5000, 88, 71, 184, 48, 1757, 2846, 16987, 1963, 0, 32.5000, 0, 26, 87.5000, 61.5000, 34, 66, 0, 31.5000, 38, 25.5000, 205.5000, 134, 1105, 125], [74.5000, 99, 48.5000, 112.5000, 151.5000, 168, 40, 388, 46, 55, 29, 156, 276, 688, 223.5000, 1160.5000, 43, 46, 75, 41, 23, 16, 6.5000, 53.5000, 19.5000, 23.5000, 11.5000, 59.5000, 70, 190, 248.5000, 324.5000, 101.5000, 43, 67, 83.5000, 200.5000, 312.5000, 97, 575, 30, 55.5000, 25.5000, 114, 642.5000, 1715.5000, 1963, 1699, 0, 58, 0, 47, 46.5000, 64, 6, 91, 0, 21, 22, 40.5000, 69.5000, 98, 127, 191], [0, 0, 0, 0, 0, 0, 0, 0, 0, 0, 0, 0, 0, 0, 0, 0, 0, 0, 0, 0, 0, 0, 0, 0, 0, 0, 0, 0, 0, 0, 0, 0, 0, 0, 0, 0, 0, 0, 0, 0, 0, 0, 0, 0, 0, 0, 0, 0, 112, 0, 57, 0, 0, 0, 0, 0, 103.5000, 0, 0, 0, 0, 0, 0, 0], [81.5000, 444.5000, 174.5000, 301.5000, 34, 154, 12, 121, 41.5000, 146, 83, 212.5000, 31.5000, 153, 37, 48.5000, 141.5000, 834.5000, 210.5000, 353.5000, 13.5000, 70.5000, 15.5000, 15.5000, 35.5000, 112, 52.5000, 64.5000, 35.5000, 190.5000, 78.5000, 99, 125, 332.5000, 82.5000, 129.5000, 31, 228.5000, 27, 116.5000, 20, 255, 48, 169.5000, 17, 321.5000, 32.5000, 58, 0, 13306, 0, 7334.5000, 58, 320.5000, 34, 207.5000, 0, 242.5000, 300.5000, 101, 35.5000, 1404, 29, 886.5000], [0, 0, 0, 0, 0, 0, 0, 0, 0, 0, 0, 0, 0, 0, 0, 0, 0, 0, 0, 0, 0, 0, 0, 0, 0, 0, 0, 0, 0, 0, 0, 0, 0, 0, 0, 0, 0, 0, 0, 0, 0, 0, 0, 0, 0, 0, 0, 0, 57, 0, 71, 0, 0, 0, 0, 0, 64.5000, 0, 0, 0, 0, 0, 0, 0], [90, 224.5000, 74.5000, 336.5000, 36.5000, 57.5000, 17, 131, 35.5000, 88.5000, 52, 271, 36.5000, 60, 41.5000, 47.5000, 123, 401, 151, 822.5000, 20, 19, 6, 44, 18.5000, 40.5000, 29.5000, 117.5000, 22, 98.5000, 54.5000, 158.5000, 74, 127, 36, 192.5000, 30, 124.5000, 27, 109, 32, 78, 14.5000, 119, 14.5000, 93, 26, 47, 0, 7334.5000, 0, 17791, 153, 135.5000, 29, 488.5000, 0, 129, 368, 515, 35, 906.5000, 48.5000, 1792], [90, 80, 67.5000, 121, 778.5000, 292, 303, 383.5000, 60, 517.5000, 40, 557.5000, 94.5000, 83, 101, 84, 104, 41.5000, 97.5000, 29.5000, 415, 130.5000, 42.5000, 132.5000, 36.5000, 15.5000, 20.5000, 19, 38.5000, 29, 61, 27.5000, 114.5000, 94, 51, 78.5000, 1233.5000, 619, 149, 355.5000, 100, 214.5000, 45.5000, 57.5000, 79.5000, 75.5000, 87.5000, 46.5000, 0, 58, 0, 153, 9642, 2236, 908.5000, 1770, 0, 56, 50.5000, 59, 233.5000, 105, 114.5000, 154], [78, 287, 128, 213, 306.5000, 1028.5000, 246.5000, 384, 52.5000, 511.5000, 79, 305.5000, 40.5000, 150, 77.5000, 80, 91, 200, 133, 90.5000, 185, 588, 63.5000, 238.5000, 30.5000, 56.5000, 32, 55.5000, 21, 113.5000, 61.5000, 54.5000, 82.5000, 170.5000, 60.5000, 75, 304, 1747.5000, 120.5000, 433, 49.5000, 289.5000, 55.5000, 127.5000, 26, 167, 61.5000, 64, 0, 320.5000, 0, 135.5000, 2236, 19516, 1211.5000, 3566, 0, 202.5000, 63.5000, 111.5000, 78, 650.5000, 47, 213], [8.5000, 31.5000, 20.5000, 28, 122, 85.5000, 268.5000, 64, 7.5000, 69.5000, 9, 71.5000, 11.5000, 9.5000, 24.5000, 11, 17, 14.5000, 31, 10.5000, 50.5000, 61.5000, 60, 86.5000, 6, 7.5000, 16.5000, 3.5000, 5, 5, 44.5000, 6.5000, 22, 33, 24.5000, 45, 127.5000, 194, 75.5000, 94, 26.5000, 56.5000, 31.5000, 28, 4, 12, 34, 6, 0, 34, 0, 29, 908.5000, 1211.5000, 1180, 866, 0, 19, 46, 10, 21.5000, 20.5000, 60, 31], [61, 136.5000, 73.5000, 173.5000, 260.5000, 324.5000, 96, 679.5000, 40.5000, 254, 37, 335, 23.5000, 64.5000, 63, 104, 68, 88, 94.5000, 108, 145, 305.5000, 57.5000, 457, 17, 39.5000, 16.5000, 59.5000, 17.5000, 74.5000, 49.5000, 99.5000, 52.5000, 59.5000, 43, 91, 279, 556.5000, 102, 624.5000, 56.5000, 113.5000, 63.5000, 147, 29, 75.5000, 66, 91, 0, 207.5000, 0, 488.5000, 1770, 3566, 866, 10600, 0, 78.5000, 89, 244.5000, 77.5000, 174.5000, 57, 460], [0, 0, 0, 0, 0, 0, 0, 0, 0, 0, 0, 0, 0, 0, 0, 0, 0, 0, 0, 0, 0, 0, 0, 0, 0, 0, 0, 0, 0, 0, 0, 0, 0, 0, 0, 0, 0, 0, 0, 0, 0, 0, 0, 0, 0, 0, 0, 0, 103.5000, 0, 64.5000, 0, 0, 0, 0, 0, 225, 0, 0, 0, 0, 0, 0, 0], [23, 76.5000, 36.5000, 53.5000, 34.5000, 56.5000, 12.5000, 28.5000, 28, 198, 39, 82, 7.5000, 32.5000, 16.5000, 17.5000, 36, 95, 64.5000, 60.5000, 6, 21, 2.5000, 8, 30.5000, 88.5000, 29.5000, 46, 9.5000, 49, 37, 19, 9, 23.5000, 9, 7.5000, 30, 82.5000, 13.5000, 32.5000, 30.5000, 88.5000, 27, 37, 6, 26, 31.5000, 21, 0, 242.5000, 0, 129, 56, 202.5000, 19, 78.5000, 0, 5550, 63.5000, 4569.5000, 15, 146.5000, 18.5000, 64.5000], [38, 12, 57.5000, 58, 16, 63, 5, 46, 108, 94, 135, 144, 33.5000, 22, 40, 10.5000, 102.5000, 69.5000, 281, 72.5000, 18, 23, 8.5000, 20.5000, 51, 43, 195, 72.5000, 18, 25.5000, 92, 14, 46.5000, 25.5000, 52.5000, 38, 21.5000, 167, 13, 107, 50, 144.5000, 144, 140.5000, 10.5000, 41, 38, 22, 0, 300.5000, 0, 368, 50.5000, 63.5000, 46, 89, 0, 63.5000, 20706, 107.5000, 42, 158, 170.5000, 76.5000], [15.5000, 38, 30, 78, 28.5000, 35.5000, 12, 70.5000, 42, 113.5000, 36.5000, 174, 12.5000, 32.5000, 28.5000, 71.5000, 49.5000, 46.5000, 71, 174.5000, 6.5000, 15.5000, 1, 28.5000, 27.5000, 28, 21.5000, 136.5000, 6.5000, 27.5000, 23.5000, 52.5000, 6, 8.5000, 7, 28.5000, 32.5000, 58.5000, 4.5000, 44.5000, 40.5000, 65, 56.5000, 124, 12, 28, 25.5000, 40.5000, 0, 101, 0, 515, 59, 111.5000, 10, 244.5000, 0, 4569.5000, 107.5000, 30867, 17.5000, 82, 26.5000, 230], [46, 8.5000, 27, 21.5000, 86, 38, 27, 47, 41, 14.5000, 33.5000, 13.5000, 137.5000, 94.5000, 172, 79.5000, 65, 15.5000, 91.5000, 12, 32, 19, 9, 13.5000, 24, 10, 17.5000, 8.5000, 332, 502.5000, 1191.5000, 428, 39, 7.5000, 20, 7, 52.5000, 29.5000, 11, 29, 16, 14, 14.5000, 12, 156.5000, 129.5000, 205.5000, 69.5000, 0, 35.5000, 0, 35, 233.5000, 78, 21.5000, 77.5000, 0, 15, 42, 17.5000, 1010, 218.5000, 728.5000, 200], [21.5000, 90, 38, 63.5000, 92, 140, 25, 61, 13.5000, 92.5000, 19, 75, 63.5000, 407.5000, 208, 161, 29.5000, 136, 45.5000, 76.5000, 14.5000, 89, 6, 21, 8, 37, 18.5000, 47, 83.5000, 846, 397.5000, 433.5000, 23.5000, 60, 19, 17, 29, 246.5000, 16, 64.5000, 10.5000, 82, 15.5000, 70.5000, 50, 596, 134, 98, 0, 1404, 0, 906.5000, 105, 650.5000, 20.5000, 174.5000, 0, 146.5000, 158, 82, 218.5000, 18782, 361, 7654.5000], [26.5000, 10.5000, 58, 23, 60.5000, 31, 32, 46.5000, 20.5000, 14, 48, 32.5000, 148, 177.5000, 627, 193, 51.5000, 21, 179, 21, 32.5000, 17, 26, 18, 14, 13.5000, 31, 14.5000, 488.5000, 828.5000, 3495, 677.5000, 59, 16.5000, 75, 26.5000, 53.5000, 61, 47.5000, 45.5000, 11, 17.5000, 25, 18, 127.5000, 188, 1105, 127, 0, 29, 0, 48.5000, 114.5000, 47, 60, 57, 0, 18.5000, 170.5000, 26.5000, 728.5000, 361, 2976, 309.5000], [20.5000, 59, 30, 95, 47.5000, 50, 9.5000, 134, 22.5000, 52.5000, 16.5000, 153.5000, 75.5000, 231, 408.5000, 330, 29, 95, 69, 132.5000, 21.5000, 33, 29, 75, 9.5000, 18.5000, 14.5000, 59, 95, 371, 349.5000, 799.5000, 32.5000, 24.5000, 22.5000, 50, 33, 91.5000, 19.5000, 64, 20, 33.5000, 25, 61.5000, 44.5000, 232, 125, 191, 0, 886.5000, 0, 1792, 154, 213, 31, 460, 0, 64.5000, 76.5000, 230, 200, 7654.5000, 309.5000, 12035]];

