# Refined counts and mutations matrices for mam after round 4
# Minimal count is 7 for TGT<->CTA.

CodonCounts:=[[15872, 1731, 4515, 831, 1312, 267.5000, 251, 190, 3197, 480.5000, 684, 574, 425, 124.5000, 104, 130.5000, 1597, 138.5000, 981, 93.5000, 68, 51.5000, 49.5000, 22.5000, 327, 177, 164.5000, 108.5000, 43.5000, 26.5000, 51, 38, 1423.5000, 379, 546, 279, 815, 172.5000, 224.5000, 91, 208.5000, 115.5000, 82.5000, 160, 154.5000, 58, 61.5000, 87.5000, 0, 160, 0, 107.5000, 96, 55.5000, 53, 57.5000, 0, 26.5000, 32, 26, 34.5000, 38, 29.5000, 31], [1731, 32267, 3039.5000, 5968, 289, 2356, 437.5000, 729.5000, 367, 5283.5000, 572.5000, 1684.5000, 82.5000, 662.5000, 335.5000, 250.5000, 196.5000, 692, 222, 377, 42.5000, 198.5000, 45, 55.5000, 84, 443.5000, 128.5000, 144.5000, 13, 198, 145.5000, 111.5000, 434, 5676, 795.5000, 1276.5000, 247.5000, 1201.5000, 181.5000, 208, 123.5000, 1384.5000, 197.5000, 452.5000, 46.5000, 429, 67, 140, 0, 1679.5000, 0, 603.5000, 84, 410.5000, 148.5000, 197.5000, 0, 180.5000, 176.5000, 68, 10.5000, 453.5000, 136, 160.5000], [4515, 3039.5000, 49168, 1057.5000, 314, 426, 689, 189.5000, 654, 568.5000, 2288, 465.5000, 67, 118.5000, 361, 122, 319, 152.5000, 3162.5000, 152, 40, 60, 65.5000, 34, 128.5000, 186.5000, 442, 192, 16.5000, 35, 111.5000, 30, 383.5000, 814.5000, 3441, 255, 112, 162, 553.5000, 120, 152, 175.5000, 462.5000, 94.5000, 132.5000, 75, 299, 63, 0, 255, 0, 126.5000, 51, 58, 178.5000, 33.5000, 0, 25.5000, 293.5000, 27.5000, 18.5000, 61, 164, 50.5000], [831, 5968, 1057.5000, 4735, 214.5000, 643, 229, 948, 320.5000, 1330.5000, 342.5000, 2292, 59, 227.5000, 195, 262, 184.5000, 273, 134, 464.5000, 37, 123, 41.5000, 96.5000, 56, 169, 111, 337.5000, 17, 100.5000, 48, 135, 315, 1633.5000, 285.5000, 1525.5000, 595, 481.5000, 527.5000, 347.5000, 238, 555.5000, 195, 1075.5000, 70, 180.5000, 59, 280, 0, 976, 0, 1685.5000, 61, 200, 112.5000, 398, 0, 225.5000, 250, 140, 19.5000, 228, 98.5000, 329], [1312, 289, 314, 214.5000, 11425, 1842.5000, 3774.5000, 1658.5000, 1860.5000, 327, 201, 567.5000, 647.5000, 280, 445.5000, 132, 439, 56, 86.5000, 90.5000, 732.5000, 95.5000, 76.5000, 185.5000, 158, 75, 124.5000, 89.5000, 146, 55.5000, 89.5000, 84, 463, 161, 102.5000, 170.5000, 2728.5000, 457, 869.5000, 312, 440, 187, 68, 237.5000, 865, 205.5000, 230, 173, 0, 292.5000, 0, 124, 797.5000, 192, 224, 168, 0, 47.5000, 106.5000, 50, 280.5000, 59.5000, 103, 65.5000], [267.5000, 2356, 426, 643, 1842.5000, 65295, 2520.5000, 3433.5000, 444, 1811.5000, 212, 1062, 309.5000, 2696, 839.5000, 1005, 88.5000, 182, 112.5000, 104, 123, 800, 78, 177.5000, 52, 306, 61, 186.5000, 76, 492.5000, 104.5000, 98.5000, 169, 1133.5000, 144.5000, 369, 491, 4702, 253.5000, 481.5000, 118.5000, 549, 60, 328, 234.5000, 1025, 316.5000, 500.5000, 0, 1082.5000, 0, 304, 178, 2725.5000, 225.5000, 425, 0, 293, 155.5000, 119.5000, 45.5000, 580.5000, 119, 123.5000], [251, 437.5000, 689, 229, 3774.5000, 2520.5000, 23451, 3363, 293, 314.5000, 158.5000, 570, 348, 249, 1889, 115, 84, 60.5000, 128.5000, 52.5000, 233, 114, 220.5000, 97.5000, 41.5000, 57.5000, 60, 95.5000, 27.5000, 54, 313, 48.5000, 133, 283.5000, 341.5000, 200.5000, 363.5000, 486, 1361.5000, 240, 136, 102, 130, 223, 192, 280.5000, 436.5000, 181, 0, 199, 0, 134, 102, 274, 651.5000, 270, 0, 53.5000, 201, 54.5000, 48.5000, 68.5000, 194, 123], [190, 729.5000, 189.5000, 948, 1658.5000, 3433.5000, 3363, 4390, 518.5000, 712.5000, 238, 2221, 140.5000, 452, 295, 619, 138, 103, 90.5000, 247.5000, 113, 317, 137, 1004, 101, 118.5000, 120, 528, 33, 135.5000, 70.5000, 188.5000, 195, 545.5000, 152, 990, 430.5000, 910, 460.5000, 2565, 141.5000, 354, 143.5000, 1288, 95, 238, 103.5000, 601.5000, 0, 292, 0, 939, 169.5000, 546, 183.5000, 1142, 0, 101, 387.5000, 183, 81, 149, 107.5000, 329.5000], [3197, 367, 654, 320.5000, 1860.5000, 444, 293, 518.5000, 19284, 591.5000, 1506.5000, 1087, 169.5000, 168.5000, 142, 74, 1769.5000, 199.5000, 255.5000, 51, 52.5000, 65.5000, 40, 71.5000, 1933.5000, 318.5000, 203.5000, 239.5000, 154.5000, 63.5000, 32, 33, 422, 151, 99, 227.5000, 288, 103.5000, 84.5000, 86, 1033.5000, 165, 106.5000, 228.5000, 102, 118.5000, 117, 111, 0, 142.5000, 0, 97.5000, 94.5000, 30, 40, 45.5000, 0, 27.5000, 83, 57, 45.5000, 80, 31, 68], [480.5000, 5283.5000, 568.5000, 1330.5000, 327, 1811.5000, 314.5000, 712.5000, 591.5000, 13321, 468, 3126.5000, 73.5000, 552, 203.5000, 209.5000, 83, 270, 117, 164, 37, 195.5000, 30, 74, 103.5000, 458.5000, 107, 182.5000, 12.5000, 251, 41, 54, 232.5000, 1523, 309, 642.5000, 174.5000, 895.5000, 122, 313.5000, 253, 2157.5000, 243, 567.5000, 37, 222, 52.5000, 94, 0, 709.5000, 0, 261, 122.5000, 543.5000, 113, 308.5000, 0, 252, 164.5000, 112, 27.5000, 537, 85.5000, 153.5000], [684, 572.5000, 2288, 342.5000, 201, 212, 158.5000, 238, 1506.5000, 468, 2256, 654.5000, 55.5000, 113.5000, 197.5000, 72, 173.5000, 89, 311.5000, 81.5000, 19.5000, 53.5000, 34, 31, 219.5000, 226, 439, 154, 15, 44.5000, 47.5000, 39, 146.5000, 224, 255.5000, 300, 104.5000, 147.5000, 82.5000, 76.5000, 214.5000, 189, 465, 230, 38.5000, 53.5000, 142, 52, 0, 279.5000, 0, 136.5000, 34.5000, 50.5000, 38, 34, 0, 24.5000, 185.5000, 49.5000, 24.5000, 160.5000, 88, 98.5000], [574, 1684.5000, 465.5000, 2292, 567.5000, 1062, 570, 2221, 1087, 3126.5000, 654.5000, 10025, 131.5000, 318.5000, 269.5000, 661.5000, 128.5000, 153, 161, 353, 45, 217.5000, 115.5000, 399, 194.5000, 293, 191.5000, 1081, 38.5000, 166.5000, 36, 231, 434.5000, 777.5000, 263, 2359, 209.5000, 500.5000, 355.5000, 1099.5000, 382, 949.5000, 441, 3300, 62, 234, 75, 578.5000, 0, 389, 0, 768.5000, 127.5000, 308, 166.5000, 668.5000, 0, 246.5000, 577.5000, 538, 114, 228.5000, 92.5000, 318], [425, 82.5000, 67, 59, 647.5000, 309.5000, 348, 140.5000, 169.5000, 73.5000, 55.5000, 131.5000, 1201, 590, 1910.5000, 900, 118.5000, 19, 25, 27.5000, 54.5000, 41, 42, 21.5000, 30, 49.5000, 32, 38, 101, 90.5000, 264.5000, 84.5000, 118, 148, 41.5000, 74, 478.5000, 138.5000, 217.5000, 76.5000, 49, 53.5000, 69, 73, 448, 357, 992.5000, 215, 0, 125, 0, 171, 87, 38.5000, 73.5000, 35.5000, 0, 26, 69.5000, 14.5000, 134, 180.5000, 193.5000, 103], [124.5000, 662.5000, 118.5000, 227.5000, 280, 2696, 249, 452, 168.5000, 552, 113.5000, 318.5000, 590, 23493, 1538.5000, 3408.5000, 49.5000, 88, 42, 44.5000, 23.5000, 275, 28.5000, 38, 28.5000, 164, 29.5000, 79.5000, 75.5000, 1203.5000, 292.5000, 227.5000, 118, 524, 66, 206, 132.5000, 822.5000, 88.5000, 170, 52.5000, 279, 55.5000, 113, 273.5000, 4284.5000, 731, 873.5000, 0, 666, 0, 236.5000, 30.5000, 192, 70, 104.5000, 0, 121.5000, 74, 38, 86.5000, 1167, 268, 227], [104, 335.5000, 361, 195, 445.5000, 839.5000, 1889, 295, 142, 203.5000, 197.5000, 269.5000, 1910.5000, 1538.5000, 36872, 1359, 32, 41.5000, 196, 55.5000, 34, 76.5000, 60.5000, 26, 20, 80, 77, 84.5000, 148.5000, 326.5000, 1882.5000, 241, 72, 122.5000, 166.5000, 157, 246, 363.5000, 567, 146.5000, 49, 171.5000, 251.5000, 117, 693, 1059, 3799, 870.5000, 0, 200.5000, 0, 242.5000, 60.5000, 73, 226, 79, 0, 65.5000, 280, 39, 118.5000, 171, 1569.5000, 374.5000], [130.5000, 250.5000, 122, 262, 132, 1005, 115, 619, 74, 209.5000, 72, 661.5000, 900, 3408.5000, 1359, 12366, 10.5000, 61, 77.5000, 94.5000, 10, 83, 25, 237.5000, 22, 60.5000, 33, 180, 103.5000, 491, 201, 748, 44, 102, 44.5000, 192, 57, 346, 162.5000, 475.5000, 46.5000, 121, 109, 408, 232.5000, 859.5000, 603, 1493, 0, 220, 0, 388.5000, 19.5000, 205.5000, 41, 203.5000, 0, 78.5000, 160, 80, 137, 255.5000, 178.5000, 341.5000], [1597, 196.5000, 319, 184.5000, 439, 88.5000, 84, 138, 1769.5000, 83, 173.5000, 128.5000, 118.5000, 49.5000, 32, 10.5000, 17001, 624.5000, 4333, 220, 361, 48, 77, 102, 1325.5000, 331.5000, 231.5000, 323.5000, 395, 66.5000, 246.5000, 89.5000, 1318, 212.5000, 411.5000, 120, 236, 112.5000, 89, 33, 287, 67.5000, 127, 98, 238, 20.5000, 102.5000, 29.5000, 0, 165.5000, 0, 79, 78, 35, 45.5000, 30.5000, 0, 59.5000, 52.5000, 16.5000, 30.5000, 41.5000, 17.5000, 51], [138.5000, 692, 152.5000, 273, 56, 182, 60.5000, 103, 199.5000, 270, 89, 153, 19, 88, 41.5000, 61, 624.5000, 3920, 1081, 980, 37.5000, 140.5000, 26, 57, 155, 745, 118, 185, 25.5000, 133.5000, 52.5000, 67, 118, 517.5000, 99.5000, 170, 172.5000, 407, 112.5000, 55, 36.5000, 213.5000, 33.5000, 101, 39, 115.5000, 45, 64.5000, 0, 1699, 0, 614, 43, 212, 38.5000, 72, 0, 121, 141, 67.5000, 28.5000, 450, 48, 126], [981, 222, 3162.5000, 134, 86.5000, 112.5000, 128.5000, 90.5000, 255.5000, 117, 311.5000, 161, 25, 42, 196, 77.5000, 4333, 1081, 99021, 382, 281, 102.5000, 961.5000, 231, 341, 251, 2350, 186, 171, 59, 1650, 72.5000, 566, 551.5000, 6265, 171, 86, 72, 563.5000, 73.5000, 124, 91, 483.5000, 97.5000, 61, 34, 3998, 52.5000, 0, 152.5000, 0, 66.5000, 54, 61.5000, 192.5000, 108, 0, 13.5000, 154, 32.5000, 65, 44, 72, 38.5000], [93.5000, 377, 152, 464.5000, 90.5000, 104, 52.5000, 247.5000, 51, 164, 81.5000, 353, 27.5000, 44.5000, 55.5000, 94.5000, 220, 980, 382, 1616, 29, 78.5000, 24, 194, 52, 98, 74, 232.5000, 14, 43, 41.5000, 111, 83.5000, 173.5000, 77, 335.5000, 224, 136, 176.5000, 208, 46.5000, 130, 56, 270.5000, 36.5000, 35, 21.5000, 151, 0, 412, 0, 1286, 28, 110.5000, 44, 182, 0, 65, 71.5000, 113.5000, 19.5000, 59.5000, 41, 143], [68, 42.5000, 40, 37, 732.5000, 123, 233, 113, 52.5000, 37, 19.5000, 45, 54.5000, 23.5000, 34, 10, 361, 37.5000, 281, 29, 20552, 890.5000, 2108, 1530, 78.5000, 45.5000, 74.5000, 26, 107.5000, 24.5000, 160.5000, 64.5000, 90.5000, 58, 36, 45, 440, 105, 82, 50.5000, 109, 29.5000, 38.5000, 34, 116, 18, 41, 30, 0, 77.5000, 0, 68, 592.5000, 82, 65.5000, 110.5000, 0, 20.5000, 33, 12, 159.5000, 44.5000, 24, 36.5000], [51.5000, 198.5000, 60, 123, 95.5000, 800, 114, 317, 65.5000, 195.5000, 53.5000, 217.5000, 41, 275, 76.5000, 83, 48, 140.5000, 102.5000, 78.5000, 890.5000, 5667, 648, 2032, 45.5000, 183, 85.5000, 89, 21.5000, 257, 75, 139, 94, 452.5000, 56.5000, 163.5000, 127, 958, 107, 362.5000, 63.5000, 266, 84, 198.5000, 19, 151, 73.5000, 98.5000, 0, 296, 0, 104.5000, 95, 683, 102, 256, 0, 166, 140.5000, 84.5000, 26, 223.5000, 113, 108.5000], [49.5000, 45, 65.5000, 41.5000, 76.5000, 78, 220.5000, 137, 40, 30, 34, 115.5000, 42, 28.5000, 60.5000, 25, 77, 26, 961.5000, 24, 2108, 648, 1523, 857.5000, 61, 53, 198, 84, 36.5000, 50, 381.5000, 80.5000, 71.5000, 89.5000, 165, 110.5000, 109, 93.5000, 191.5000, 246, 48.5000, 45.5000, 89.5000, 131, 30, 19, 257, 53, 0, 37, 0, 44.5000, 91.5000, 70.5000, 75.5000, 91.5000, 0, 44, 149.5000, 30.5000, 38.5000, 38.5000, 44.5000, 57.5000], [22.5000, 55.5000, 34, 96.5000, 185.5000, 177.5000, 97.5000, 1004, 71.5000, 74, 31, 399, 21.5000, 38, 26, 237.5000, 102, 57, 231, 194, 1530, 2032, 857.5000, 16051, 43.5000, 47.5000, 62, 152.5000, 16.5000, 90.5000, 95, 891, 54.5000, 123.5000, 93.5000, 227.5000, 157.5000, 743.5000, 116.5000, 3243.5000, 46.5000, 47, 68, 335.5000, 15, 141.5000, 84, 552.5000, 0, 45, 0, 222.5000, 80.5000, 174.5000, 42, 1559, 0, 17, 131, 43.5000, 91.5000, 42, 47.5000, 339.5000], [327, 84, 128.5000, 56, 158, 52, 41.5000, 101, 1933.5000, 103.5000, 219.5000, 194.5000, 30, 28.5000, 20, 22, 1325.5000, 155, 341, 52, 78.5000, 45.5000, 61, 43.5000, 20574, 1352.5000, 1643, 563.5000, 119, 58, 79.5000, 23.5000, 181, 89, 39, 110.5000, 103, 54, 47.5000, 65, 157.5000, 165.5000, 50, 150.5000, 45, 20, 23.5000, 55, 0, 152.5000, 0, 41, 37.5000, 27.5000, 44.5000, 41, 0, 75, 291, 68, 28.5000, 17.5000, 23, 41], [177, 443.5000, 186.5000, 169, 75, 306, 57.5000, 118.5000, 318.5000, 458.5000, 226, 293, 49.5000, 164, 80, 60.5000, 331.5000, 745, 251, 98, 45.5000, 183, 53, 47.5000, 1352.5000, 23031, 1100, 5335.5000, 67.5000, 604.5000, 453.5000, 102.5000, 83.5000, 305, 72, 218, 121, 414.5000, 77.5000, 96.5000, 43.5000, 362, 76.5000, 345, 31, 136.5000, 75, 87.5000, 0, 826.5000, 0, 222.5000, 43, 168, 32, 63, 0, 712.5000, 157.5000, 323.5000, 20, 470.5000, 73.5000, 131], [164.5000, 128.5000, 442, 111, 124.5000, 61, 60, 120, 203.5000, 107, 439, 191.5000, 32, 29.5000, 77, 33, 231.5000, 118, 2350, 74, 74.5000, 85.5000, 198, 62, 1643, 1100, 2791, 407.5000, 23, 45.5000, 184.5000, 60.5000, 75.5000, 118, 241, 163, 75.5000, 53, 94.5000, 76.5000, 106, 73.5000, 320.5000, 172, 37, 37, 140.5000, 59.5000, 0, 74.5000, 0, 83.5000, 12.5000, 23, 45, 30, 0, 66.5000, 694.5000, 43.5000, 27.5000, 31.5000, 102, 81], [108.5000, 144.5000, 192, 337.5000, 89.5000, 186.5000, 95.5000, 528, 239.5000, 182.5000, 154, 1081, 38, 79.5000, 84.5000, 180, 323.5000, 185, 186, 232.5000, 26, 89, 84, 152.5000, 563.5000, 5335.5000, 407.5000, 4211, 55, 388, 407.5000, 139.5000, 105, 182.5000, 80, 736, 47, 98, 108.5000, 552.5000, 99, 178, 116, 1213.5000, 39, 70, 43.5000, 246, 0, 242, 0, 355, 29, 51.5000, 44, 269, 0, 596, 256, 237.5000, 38.5000, 50, 31, 153], [43.5000, 13, 16.5000, 17, 146, 76, 27.5000, 33, 154.5000, 12.5000, 15, 38.5000, 101, 75.5000, 148.5000, 103.5000, 395, 25.5000, 171, 14, 107.5000, 21.5000, 36.5000, 16.5000, 119, 67.5000, 23, 55, 1270, 589.5000, 5227.5000, 278, 51.5000, 21.5000, 28, 11.5000, 85, 160, 40.5000, 24.5000, 28.5000, 16, 11.5000, 23, 142.5000, 200.5000, 310, 60.5000, 0, 30.5000, 0, 38, 36.5000, 11.5000, 22, 11.5000, 0, 17.5000, 34.5000, 7, 240.5000, 52, 440, 46.5000], [26.5000, 198, 35, 100.5000, 55.5000, 492.5000, 54, 135.5000, 63.5000, 251, 44.5000, 166.5000, 90.5000, 1203.5000, 326.5000, 491, 66.5000, 133.5000, 59, 43, 24.5000, 257, 50, 90.5000, 58, 604.5000, 45.5000, 388, 589.5000, 28031, 3469, 1118.5000, 44, 106.5000, 29, 84.5000, 43, 335, 41.5000, 115, 22.5000, 98.5000, 20, 102, 105.5000, 946.5000, 307, 181.5000, 0, 504, 0, 240.5000, 21, 119.5000, 33.5000, 43.5000, 0, 136.5000, 85.5000, 47, 190, 1263, 476, 226], [51, 145.5000, 111.5000, 48, 89.5000, 104.5000, 313, 70.5000, 32, 41, 47.5000, 36, 264.5000, 292.5000, 1882.5000, 201, 246.5000, 52.5000, 1650, 41.5000, 160.5000, 75, 381.5000, 95, 79.5000, 453.5000, 184.5000, 407.5000, 5227.5000, 3469, 82207, 1533.5000, 50, 43, 107.5000, 44.5000, 51, 190.5000, 194, 111.5000, 32, 32, 197, 28.5000, 328.5000, 282, 2619, 182, 0, 118, 0, 131, 49.5000, 56, 319.5000, 31.5000, 0, 118.5000, 142.5000, 30, 713, 278, 4569, 205.5000], [38, 111.5000, 30, 135, 84, 98.5000, 48.5000, 188.5000, 33, 54, 39, 231, 84.5000, 227.5000, 241, 748, 89.5000, 67, 72.5000, 111, 64.5000, 139, 80.5000, 891, 23.5000, 102.5000, 60.5000, 139.5000, 278, 1118.5000, 1533.5000, 2076, 45, 79.5000, 25, 143, 84, 270, 56.5000, 240, 40, 64, 60.5000, 288, 100, 250, 241, 388, 0, 152, 0, 294, 29, 43.5000, 36, 200.5000, 0, 75.5000, 74.5000, 88, 130, 184, 261, 423.5000], [1423.5000, 434, 383.5000, 315, 463, 169, 133, 195, 422, 232.5000, 146.5000, 434.5000, 118, 118, 72, 44, 1318, 118, 566, 83.5000, 90.5000, 94, 71.5000, 54.5000, 181, 83.5000, 75.5000, 105, 51.5000, 44, 50, 45, 5985, 1764.5000, 7328.5000, 894.5000, 1108, 360, 277.5000, 146, 1756, 345.5000, 636.5000, 383.5000, 352.5000, 99.5000, 109.5000, 134.5000, 0, 196.5000, 0, 195.5000, 147, 77, 59.5000, 85, 0, 18.5000, 79.5000, 37, 66.5000, 142.5000, 65.5000, 80.5000], [379, 5676, 814.5000, 1633.5000, 161, 1133.5000, 283.5000, 545.5000, 151, 1523, 224, 777.5000, 148, 524, 122.5000, 102, 212.5000, 517.5000, 551.5000, 173.5000, 58, 452.5000, 89.5000, 123.5000, 89, 305, 118, 182.5000, 21.5000, 106.5000, 43, 79.5000, 1764.5000, 58528, 4454.5000, 6510, 274, 2071.5000, 555.5000, 278, 506, 3478, 1128, 1004.5000, 78, 500, 188, 218, 0, 1767.5000, 0, 566.5000, 119, 715, 117.5000, 252, 0, 427, 261, 168, 34.5000, 580.5000, 90.5000, 225.5000], [546, 795.5000, 3441, 285.5000, 102.5000, 144.5000, 341.5000, 152, 99, 309, 255.5000, 263, 41.5000, 66, 166.5000, 44.5000, 411.5000, 99.5000, 6265, 77, 36, 56.5000, 165, 93.5000, 39, 72, 241, 80, 28, 29, 107.5000, 25, 7328.5000, 4454.5000, 62860, 2387.5000, 167.5000, 287, 3593.5000, 114.5000, 612, 522, 3427.5000, 299, 183, 131.5000, 1316.5000, 203, 0, 128.5000, 0, 194.5000, 36.5000, 60, 254, 52.5000, 0, 14, 166, 27, 16.5000, 54, 126.5000, 105], [279, 1276.5000, 255, 1525.5000, 170.5000, 369, 200.5000, 990, 227.5000, 642.5000, 300, 2359, 74, 206, 157, 192, 120, 170, 171, 335.5000, 45, 163.5000, 110.5000, 227.5000, 110.5000, 218, 163, 736, 11.5000, 84.5000, 44.5000, 143, 894.5000, 6510, 2387.5000, 8364, 220, 307.5000, 811.5000, 637, 595.5000, 1029, 825, 3772.5000, 96, 189.5000, 123, 432, 0, 621.5000, 0, 1511.5000, 67.5000, 137.5000, 139, 382, 0, 125.5000, 186, 140, 63.5000, 229.5000, 104, 348], [815, 247.5000, 112, 595, 2728.5000, 491, 363.5000, 430.5000, 288, 174.5000, 104.5000, 209.5000, 478.5000, 132.5000, 246, 57, 236, 172.5000, 86, 224, 440, 127, 109, 157.5000, 103, 121, 75.5000, 47, 85, 43, 51, 84, 1108, 274, 167.5000, 220, 18109, 5036, 6015.5000, 1770, 1191.5000, 556, 180.5000, 314.5000, 2277, 296.5000, 703, 399, 0, 235.5000, 0, 170, 2180.5000, 522, 604.5000, 366.5000, 0, 66.5000, 61.5000, 40.5000, 389, 102.5000, 62, 67.5000], [172.5000, 1201.5000, 162, 481.5000, 457, 4702, 486, 910, 103.5000, 895.5000, 147.5000, 500.5000, 138.5000, 822.5000, 363.5000, 346, 112.5000, 407, 72, 136, 105, 958, 93.5000, 743.5000, 54, 414.5000, 53, 98, 160, 335, 190.5000, 270, 360, 2071.5000, 287, 307.5000, 5036, 47787, 2885, 4011, 699, 5590.5000, 613.5000, 1067.5000, 339.5000, 3330, 825, 910.5000, 0, 1222.5000, 0, 293, 593.5000, 3515, 357.5000, 557.5000, 0, 878, 308, 322.5000, 122.5000, 789, 124, 302.5000], [224.5000, 181.5000, 553.5000, 527.5000, 869.5000, 253.5000, 1361.5000, 460.5000, 84.5000, 122, 82.5000, 355.5000, 217.5000, 88.5000, 567, 162.5000, 89, 112.5000, 563.5000, 176.5000, 82, 107, 191.5000, 116.5000, 47.5000, 77.5000, 94.5000, 108.5000, 40.5000, 41.5000, 194, 56.5000, 277.5000, 555.5000, 3593.5000, 811.5000, 6015.5000, 2885, 7396, 1068, 404, 466.5000, 866, 443.5000, 559.5000, 307, 2542.5000, 297, 0, 113.5000, 0, 190, 683, 250, 434.5000, 196, 0, 85, 283.5000, 108, 109.5000, 161, 321.5000, 325.5000], [91, 208, 120, 347.5000, 312, 481.5000, 240, 2565, 86, 313.5000, 76.5000, 1099.5000, 76.5000, 170, 146.5000, 475.5000, 33, 55, 73.5000, 208, 50.5000, 362.5000, 246, 3243.5000, 65, 96.5000, 76.5000, 552.5000, 24.5000, 115, 111.5000, 240, 146, 278, 114.5000, 637, 1770, 4011, 1068, 21796, 225.5000, 505.5000, 135.5000, 1769.5000, 139.5000, 468.5000, 194, 2098.5000, 0, 223.5000, 0, 380.5000, 255.5000, 379.5000, 146.5000, 1337, 0, 94, 232.5000, 234, 120.5000, 106.5000, 53, 408], [208.5000, 123.5000, 152, 238, 440, 118.5000, 136, 141.5000, 1033.5000, 253, 214.5000, 382, 49, 52.5000, 49, 46.5000, 287, 36.5000, 124, 46.5000, 109, 63.5000, 48.5000, 46.5000, 157.5000, 43.5000, 106, 99, 28.5000, 22.5000, 32, 40, 1756, 506, 612, 595.5000, 1191.5000, 699, 404, 225.5000, 48072, 6099.5000, 11432, 2440, 278.5000, 70.5000, 159, 120, 0, 109.5000, 0, 77, 210, 69.5000, 73, 66, 0, 63, 120.5000, 65.5000, 102.5000, 64.5000, 86.5000, 101], [115.5000, 1384.5000, 175.5000, 555.5000, 187, 549, 102, 354, 165, 2157.5000, 189, 949.5000, 53.5000, 279, 171.5000, 121, 67.5000, 213.5000, 91, 130, 29.5000, 266, 45.5000, 47, 165.5000, 362, 73.5000, 178, 16, 98.5000, 32, 64, 345.5000, 3478, 522, 1029, 556, 5590.5000, 466.5000, 505.5000, 6099.5000, 60373, 5933.5000, 5308.5000, 74.5000, 313, 82, 187.5000, 0, 609.5000, 0, 233, 86.5000, 487, 76, 205, 0, 226.5000, 284, 118.5000, 32, 352.5000, 131.5000, 229.5000], [82.5000, 197.5000, 462.5000, 195, 68, 60, 130, 143.5000, 106.5000, 243, 465, 441, 69, 55.5000, 251.5000, 109, 127, 33.5000, 483.5000, 56, 38.5000, 84, 89.5000, 68, 50, 76.5000, 320.5000, 116, 11.5000, 20, 197, 60.5000, 636.5000, 1128, 3427.5000, 825, 180.5000, 613.5000, 866, 135.5000, 11432, 5933.5000, 78370, 2268, 99, 80.5000, 442, 134.5000, 0, 120, 0, 88, 38, 67.5000, 90, 59.5000, 0, 77.5000, 921.5000, 146.5000, 37.5000, 350.5000, 1016, 923], [160, 452.5000, 94.5000, 1075.5000, 237.5000, 328, 223, 1288, 228.5000, 567.5000, 230, 3300, 73, 113, 117, 408, 98, 101, 97.5000, 270.5000, 34, 198.5000, 131, 335.5000, 150.5000, 345, 172, 1213.5000, 23, 102, 28.5000, 288, 383.5000, 1004.5000, 299, 3772.5000, 314.5000, 1067.5000, 443.5000, 1769.5000, 2440, 5308.5000, 2268, 13316, 99.5000, 180.5000, 116.5000, 731, 0, 359.5000, 0, 799, 124.5000, 157.5000, 178, 391, 0, 201.5000, 439.5000, 336, 76.5000, 212, 90, 356], [154.5000, 46.5000, 132.5000, 70, 865, 234.5000, 192, 95, 102, 37, 38.5000, 62, 448, 273.5000, 693, 232.5000, 238, 39, 61, 36.5000, 116, 19, 30, 15, 45, 31, 37, 39, 142.5000, 105.5000, 328.5000, 100, 352.5000, 78, 183, 96, 2277, 339.5000, 559.5000, 139.5000, 278.5000, 74.5000, 99, 99.5000, 2221, 2124, 5295.5000, 560, 0, 130.5000, 0, 56.5000, 206.5000, 44, 63.5000, 36, 0, 17.5000, 85.5000, 13.5000, 157.5000, 63.5000, 139, 74], [58, 429, 75, 180.5000, 205.5000, 1025, 280.5000, 238, 118.5000, 222, 53.5000, 234, 357, 4284.5000, 1059, 859.5000, 20.5000, 115.5000, 34, 35, 18, 151, 19, 141.5000, 20, 136.5000, 37, 70, 200.5000, 946.5000, 282, 250, 99.5000, 500, 131.5000, 189.5000, 296.5000, 3330, 307, 468.5000, 70.5000, 313, 80.5000, 180.5000, 2124, 51831, 4392.5000, 2756.5000, 0, 708.5000, 0, 177.5000, 61, 341.5000, 61.5000, 150, 0, 196, 118.5000, 85, 39, 1612, 126.5000, 310.5000], [61.5000, 67, 299, 59, 230, 316.5000, 436.5000, 103.5000, 117, 52.5000, 142, 75, 992.5000, 731, 3799, 603, 102.5000, 45, 3998, 21.5000, 41, 73.5000, 257, 84, 23.5000, 75, 140.5000, 43.5000, 310, 307, 2619, 241, 109.5000, 188, 1316.5000, 123, 703, 825, 2542.5000, 194, 159, 82, 442, 116.5000, 5295.5000, 4392.5000, 65578, 1991, 0, 309.5000, 0, 201, 65, 54.5000, 274, 41, 0, 23, 270, 16.5000, 181, 94, 922, 155], [87.5000, 140, 63, 280, 173, 500.5000, 181, 601.5000, 111, 94, 52, 578.5000, 215, 873.5000, 870.5000, 1493, 29.5000, 64.5000, 52.5000, 151, 30, 98.5000, 53, 552.5000, 55, 87.5000, 59.5000, 246, 60.5000, 181.5000, 182, 388, 134.5000, 218, 203, 432, 399, 910.5000, 297, 2098.5000, 120, 187.5000, 134.5000, 731, 560, 2756.5000, 1991, 2836, 0, 342.5000, 0, 507.5000, 44, 65, 63.5000, 227.5000, 0, 154.5000, 137.5000, 197, 71.5000, 187.5000, 86.5000, 320], [0, 0, 0, 0, 0, 0, 0, 0, 0, 0, 0, 0, 0, 0, 0, 0, 0, 0, 0, 0, 0, 0, 0, 0, 0, 0, 0, 0, 0, 0, 0, 0, 0, 0, 0, 0, 0, 0, 0, 0, 0, 0, 0, 0, 0, 0, 0, 0, 157, 0, 32, 0, 0, 0, 0, 0, 51, 0, 0, 0, 0, 0, 0, 0], [160, 1679.5000, 255, 976, 292.5000, 1082.5000, 199, 292, 142.5000, 709.5000, 279.5000, 389, 125, 666, 200.5000, 220, 165.5000, 1699, 152.5000, 412, 77.5000, 296, 37, 45, 152.5000, 826.5000, 74.5000, 242, 30.5000, 504, 118, 152, 196.5000, 1767.5000, 128.5000, 621.5000, 235.5000, 1222.5000, 113.5000, 223.5000, 109.5000, 609.5000, 120, 359.5000, 130.5000, 708.5000, 309.5000, 342.5000, 0, 34342, 0, 15988.5000, 187, 1346, 212.5000, 501, 0, 676.5000, 1530, 249.5000, 241, 6297.5000, 436.5000, 1845.5000], [0, 0, 0, 0, 0, 0, 0, 0, 0, 0, 0, 0, 0, 0, 0, 0, 0, 0, 0, 0, 0, 0, 0, 0, 0, 0, 0, 0, 0, 0, 0, 0, 0, 0, 0, 0, 0, 0, 0, 0, 0, 0, 0, 0, 0, 0, 0, 0, 32, 0, 104, 0, 0, 0, 0, 0, 13, 0, 0, 0, 0, 0, 0, 0], [107.5000, 603.5000, 126.5000, 1685.5000, 124, 304, 134, 939, 97.5000, 261, 136.5000, 768.5000, 171, 236.5000, 242.5000, 388.5000, 79, 614, 66.5000, 1286, 68, 104.5000, 44.5000, 222.5000, 41, 222.5000, 83.5000, 355, 38, 240.5000, 131, 294, 195.5000, 566.5000, 194.5000, 1511.5000, 170, 293, 190, 380.5000, 77, 233, 88, 799, 56.5000, 177.5000, 201, 507.5000, 0, 15988.5000, 0, 45938, 67, 526, 214, 1308, 0, 360, 781.5000, 362.5000, 93.5000, 1805, 333, 3022], [96, 84, 51, 61, 797.5000, 178, 102, 169.5000, 94.5000, 122.5000, 34.5000, 127.5000, 87, 30.5000, 60.5000, 19.5000, 78, 43, 54, 28, 592.5000, 95, 91.5000, 80.5000, 37.5000, 43, 12.5000, 29, 36.5000, 21, 49.5000, 29, 147, 119, 36.5000, 67.5000, 2180.5000, 593.5000, 683, 255.5000, 210, 86.5000, 38, 124.5000, 206.5000, 61, 65, 44, 0, 187, 0, 67, 18420, 1382, 1220, 3696.5000, 0, 19.5000, 85.5000, 39.5000, 140.5000, 125, 262, 76], [55.5000, 410.5000, 58, 200, 192, 2725.5000, 274, 546, 30, 543.5000, 50.5000, 308, 38.5000, 192, 73, 205.5000, 35, 212, 61.5000, 110.5000, 82, 683, 70.5000, 174.5000, 27.5000, 168, 23, 51.5000, 11.5000, 119.5000, 56, 43.5000, 77, 715, 60, 137.5000, 522, 3515, 250, 379.5000, 69.5000, 487, 67.5000, 157.5000, 44, 341.5000, 54.5000, 65, 0, 1346, 0, 526, 1382, 65238, 1857.5000, 7055.5000, 0, 312, 133.5000, 122.5000, 63.5000, 1714, 127, 529.5000], [53, 148.5000, 178.5000, 112.5000, 224, 225.5000, 651.5000, 183.5000, 40, 113, 38, 166.5000, 73.5000, 70, 226, 41, 45.5000, 38.5000, 192.5000, 44, 65.5000, 102, 75.5000, 42, 44.5000, 32, 45, 44, 22, 33.5000, 319.5000, 36, 59.5000, 117.5000, 254, 139, 604.5000, 357.5000, 434.5000, 146.5000, 73, 76, 90, 178, 63.5000, 61.5000, 274, 63.5000, 0, 212.5000, 0, 214, 1220, 1857.5000, 8671, 1239.5000, 0, 107, 214.5000, 77, 157, 143.5000, 3500, 85.5000], [57.5000, 197.5000, 33.5000, 398, 168, 425, 270, 1142, 45.5000, 308.5000, 34, 668.5000, 35.5000, 104.5000, 79, 203.5000, 30.5000, 72, 108, 182, 110.5000, 256, 91.5000, 1559, 41, 63, 30, 269, 11.5000, 43.5000, 31.5000, 200.5000, 85, 252, 52.5000, 382, 366.5000, 557.5000, 196, 1337, 66, 205, 59.5000, 391, 36, 150, 41, 227.5000, 0, 501, 0, 1308, 3696.5000, 7055.5000, 1239.5000, 52707, 0, 151.5000, 124.5000, 184.5000, 50.5000, 240.5000, 69.5000, 754], [0, 0, 0, 0, 0, 0, 0, 0, 0, 0, 0, 0, 0, 0, 0, 0, 0, 0, 0, 0, 0, 0, 0, 0, 0, 0, 0, 0, 0, 0, 0, 0, 0, 0, 0, 0, 0, 0, 0, 0, 0, 0, 0, 0, 0, 0, 0, 0, 51, 0, 13, 0, 0, 0, 0, 0, 285, 0, 0, 0, 0, 0, 0, 0], [26.5000, 180.5000, 25.5000, 225.5000, 47.5000, 293, 53.5000, 101, 27.5000, 252, 24.5000, 246.5000, 26, 121.5000, 65.5000, 78.5000, 59.5000, 121, 13.5000, 65, 20.5000, 166, 44, 17, 75, 712.5000, 66.5000, 596, 17.5000, 136.5000, 118.5000, 75.5000, 18.5000, 427, 14, 125.5000, 66.5000, 878, 85, 94, 63, 226.5000, 77.5000, 201.5000, 17.5000, 196, 23, 154.5000, 0, 676.5000, 0, 360, 19.5000, 312, 107, 151.5000, 0, 8318, 395.5000, 6337, 34.5000, 225, 82.5000, 120], [32, 176.5000, 293.5000, 250, 106.5000, 155.5000, 201, 387.5000, 83, 164.5000, 185.5000, 577.5000, 69.5000, 74, 280, 160, 52.5000, 141, 154, 71.5000, 33, 140.5000, 149.5000, 131, 291, 157.5000, 694.5000, 256, 34.5000, 85.5000, 142.5000, 74.5000, 79.5000, 261, 166, 186, 61.5000, 308, 283.5000, 232.5000, 120.5000, 284, 921.5000, 439.5000, 85.5000, 118.5000, 270, 137.5000, 0, 1530, 0, 781.5000, 85.5000, 133.5000, 214.5000, 124.5000, 0, 395.5000, 52181, 283.5000, 71, 787.5000, 944, 629.5000], [26, 68, 27.5000, 140, 50, 119.5000, 54.5000, 183, 57, 112, 49.5000, 538, 14.5000, 38, 39, 80, 16.5000, 67.5000, 32.5000, 113.5000, 12, 84.5000, 30.5000, 43.5000, 68, 323.5000, 43.5000, 237.5000, 7, 47, 30, 88, 37, 168, 27, 140, 40.5000, 322.5000, 108, 234, 65.5000, 118.5000, 146.5000, 336, 13.5000, 85, 16.5000, 197, 0, 249.5000, 0, 362.5000, 39.5000, 122.5000, 77, 184.5000, 0, 6337, 283.5000, 42343, 42.5000, 89.5000, 84.5000, 155.5000], [34.5000, 10.5000, 18.5000, 19.5000, 280.5000, 45.5000, 48.5000, 81, 45.5000, 27.5000, 24.5000, 114, 134, 86.5000, 118.5000, 137, 30.5000, 28.5000, 65, 19.5000, 159.5000, 26, 38.5000, 91.5000, 28.5000, 20, 27.5000, 38.5000, 240.5000, 190, 713, 130, 66.5000, 34.5000, 16.5000, 63.5000, 389, 122.5000, 109.5000, 120.5000, 102.5000, 32, 37.5000, 76.5000, 157.5000, 39, 181, 71.5000, 0, 241, 0, 93.5000, 140.5000, 63.5000, 157, 50.5000, 0, 34.5000, 71, 42.5000, 864, 227.5000, 463.5000, 138.5000], [38, 453.5000, 61, 228, 59.5000, 580.5000, 68.5000, 149, 80, 537, 160.5000, 228.5000, 180.5000, 1167, 171, 255.5000, 41.5000, 450, 44, 59.5000, 44.5000, 223.5000, 38.5000, 42, 17.5000, 470.5000, 31.5000, 50, 52, 1263, 278, 184, 142.5000, 580.5000, 54, 229.5000, 102.5000, 789, 161, 106.5000, 64.5000, 352.5000, 350.5000, 212, 63.5000, 1612, 94, 187.5000, 0, 6297.5000, 0, 1805, 125, 1714, 143.5000, 240.5000, 0, 225, 787.5000, 89.5000, 227.5000, 41931, 828, 4293], [29.5000, 136, 164, 98.5000, 103, 119, 194, 107.5000, 31, 85.5000, 88, 92.5000, 193.5000, 268, 1569.5000, 178.5000, 17.5000, 48, 72, 41, 24, 113, 44.5000, 47.5000, 23, 73.5000, 102, 31, 440, 476, 4569, 261, 65.5000, 90.5000, 126.5000, 104, 62, 124, 321.5000, 53, 86.5000, 131.5000, 1016, 90, 139, 126.5000, 922, 86.5000, 0, 436.5000, 0, 333, 262, 127, 3500, 69.5000, 0, 82.5000, 944, 84.5000, 463.5000, 828, 6017, 984.5000], [31, 160.5000, 50.5000, 329, 65.5000, 123.5000, 123, 329.5000, 68, 153.5000, 98.5000, 318, 103, 227, 374.5000, 341.5000, 51, 126, 38.5000, 143, 36.5000, 108.5000, 57.5000, 339.5000, 41, 131, 81, 153, 46.5000, 226, 205.5000, 423.5000, 80.5000, 225.5000, 105, 348, 67.5000, 302.5000, 325.5000, 408, 101, 229.5000, 923, 356, 74, 310.5000, 155, 320, 0, 1845.5000, 0, 3022, 76, 529.5000, 85.5000, 754, 0, 120, 629.5000, 155.5000, 138.5000, 4293, 984.5000, 5697]];

