# Refined counts and mutations matrices for mus after round 2
# Minimal count is 0.5 for TCG<->CGT.

CodonCounts:=[[6925, 270.5000, 4334.5000, 311, 243, 58.5000, 39, 84.5000, 777.5000, 100.5000, 431, 102.5000, 66.5000, 38, 84, 36, 335, 102, 401.5000, 81, 36, 21, 5, 26.5000, 136, 148.5000, 197, 82, 15.5000, 17, 34.5000, 14, 466, 72.5000, 221, 84.5000, 71.5000, 34.5000, 13.5000, 39.5000, 81.5000, 37.5000, 32.5000, 27, 39.5000, 22, 52, 16.5000, 0, 21, 0, 24, 35.5000, 34, 6, 26.5000, 0, 6, 24, 12, 12, 11.5000, 20, 11], [270.5000, 5858, 367, 3148, 107.5000, 261.5000, 39, 123.5000, 70, 736.5000, 89, 375, 23.5000, 73, 40.5000, 54.5000, 49.5000, 307, 146, 143.5000, 17, 27, 6, 22.5000, 15.5000, 54, 26.5000, 34, 6, 31.5000, 29, 11.5000, 106, 487.5000, 137, 313, 43, 89, 17.5000, 66.5000, 68, 164.5000, 69.5000, 56, 9, 38.5000, 32.5000, 20.5000, 0, 85.5000, 0, 80, 34.5000, 93, 7, 60, 0, 35, 14, 22, 7.5000, 36, 6.5000, 18], [4334.5000, 367, 9483, 339, 178, 94.5000, 69.5000, 75, 599, 134, 824.5000, 110.5000, 48.5000, 43, 167.5000, 32, 263, 114.5000, 788.5000, 90, 26.5000, 25, 7, 23, 182, 220, 350.5000, 112, 14.5000, 16, 55.5000, 13.5000, 259.5000, 70.5000, 475, 85, 64, 51, 21, 49.5000, 57, 55, 78.5000, 31, 27.5000, 43, 79, 19.5000, 0, 25, 0, 25.5000, 37, 40, 8, 40, 0, 14.5000, 44, 8.5000, 12, 11.5000, 22, 7.5000], [311, 3148, 339, 4873, 138.5000, 131.5000, 30.5000, 268.5000, 98.5000, 427.5000, 102.5000, 548, 38.5000, 50, 43, 113.5000, 78.5000, 182, 124, 244, 17.5000, 28.5000, 5, 35.5000, 17.5000, 18.5000, 23, 32, 11, 11.5000, 22.5000, 23.5000, 112.5000, 277.5000, 102, 492, 41.5000, 48.5000, 7.5000, 102, 55, 78, 55.5000, 96, 10, 28.5000, 36.5000, 36, 0, 57, 0, 137.5000, 46.5000, 64, 10.5000, 100.5000, 0, 11, 16.5000, 39, 12, 16.5000, 14.5000, 45], [243, 107.5000, 178, 138.5000, 4107, 1700, 485, 1973, 149.5000, 170, 56.5000, 219.5000, 250.5000, 204.5000, 321.5000, 255, 58.5000, 22, 69, 23, 108, 40.5000, 14.5000, 64, 10.5000, 10, 17, 5.5000, 34.5000, 52, 80.5000, 48.5000, 67, 23, 62, 31, 445, 195.5000, 39, 295, 73, 37, 58, 45.5000, 135.5000, 117.5000, 230, 117.5000, 0, 11.5000, 0, 15.5000, 438, 255, 52.5000, 304, 0, 17, 14.5000, 34.5000, 47, 44.5000, 62, 36], [58.5000, 261.5000, 94.5000, 131.5000, 1700, 4502, 495.5000, 1868.5000, 33, 439, 35, 214.5000, 104, 440.5000, 164.5000, 185, 17.5000, 41, 54.5000, 26, 59, 88, 11.5000, 67, 18, 19, 13.5000, 8, 23, 76, 69.5000, 39, 56, 57.5000, 55, 48, 174, 417, 46, 261.5000, 37, 64.5000, 24.5000, 38, 61.5000, 197.5000, 145, 97.5000, 0, 26, 0, 23, 179.5000, 438.5000, 38.5000, 287.5000, 0, 41, 8, 22, 28.5000, 58.5000, 39.5000, 39], [39, 39, 69.5000, 30.5000, 485, 495.5000, 397, 375, 13, 62.5000, 18.5000, 52, 18.5000, 34.5000, 96.5000, 36, 8, 6, 26.5000, 3, 19.5000, 10, 9.5000, 15, 3.5000, 6, 7, 4, 6, 10, 56.5000, 11.5000, 15.5000, 10.5000, 24, 7, 47.5000, 66, 15, 54, 13, 10.5000, 9, 7, 12.5000, 24, 56.5000, 16.5000, 0, 1.5000, 0, 4.5000, 66, 43, 21.5000, 68.5000, 0, 7.5000, 1, 8.5000, 7.5000, 10.5000, 18, 12], [84.5000, 123.5000, 75, 268.5000, 1973, 1868.5000, 375, 3600, 32.5000, 228.5000, 37.5000, 355, 130.5000, 264.5000, 192.5000, 449, 24.5000, 22.5000, 53.5000, 35, 47, 44.5000, 10.5000, 133.5000, 11, 9.5000, 15, 9.5000, 14, 52.5000, 86.5000, 69, 38, 37.5000, 27.5000, 56, 228, 223.5000, 29, 491, 38.5000, 43.5000, 32.5000, 66, 74, 115, 147, 177, 0, 11.5000, 0, 33, 232, 265, 42, 579.5000, 0, 23, 8.5000, 42.5000, 23, 52.5000, 51.5000, 69.5000], [777.5000, 70, 599, 98.5000, 149.5000, 33, 13, 32.5000, 2580, 145, 1182.5000, 142.5000, 69.5000, 20, 41, 25, 112, 57, 147, 48.5000, 20, 11.5000, 1, 24, 414, 293.5000, 417, 185, 10, 8.5000, 16, 9.5000, 71, 18.5000, 50, 16, 48.5000, 18, 3.5000, 24, 129.5000, 36, 49, 27.5000, 21.5000, 15, 29, 19, 0, 20.5000, 0, 15.5000, 22, 16.5000, 7.5000, 18.5000, 0, 15.5000, 26, 12.5000, 4, 5, 9, 7], [100.5000, 736.5000, 134, 427.5000, 170, 439, 62.5000, 228.5000, 145, 4296, 175.5000, 1607, 27.5000, 111.5000, 44.5000, 59, 38, 110.5000, 83.5000, 78, 19, 52.5000, 17, 40.5000, 30.5000, 62.5000, 35.5000, 28.5000, 9, 37.5000, 28, 13.5000, 58.5000, 144, 79, 84, 81.5000, 178.5000, 32.5000, 99.5000, 162, 395, 149, 176.5000, 16.5000, 58, 44.5000, 39.5000, 0, 50, 0, 31, 91.5000, 212, 35.5000, 149, 0, 132.5000, 18, 89.5000, 9, 44.5000, 13.5000, 31.5000], [431, 89, 824.5000, 102.5000, 56.5000, 35, 18.5000, 37.5000, 1182.5000, 175.5000, 2093, 100.5000, 29.5000, 22.5000, 82, 24.5000, 79.5000, 60.5000, 179, 38, 12.5000, 9, 5.5000, 6.5000, 332.5000, 378, 474, 185, 7.5000, 13.5000, 32, 12, 41, 22.5000, 61, 22, 24, 26.5000, 7, 27.5000, 53.5000, 36.5000, 95.5000, 27, 22, 14, 26.5000, 13, 0, 16.5000, 0, 16.5000, 23, 19, 4.5000, 12, 0, 11, 73, 17, 8.5000, 6.5000, 14, 4], [102.5000, 375, 110.5000, 548, 219.5000, 214.5000, 52, 355, 142.5000, 1607, 100.5000, 2689, 25.5000, 71, 51.5000, 130.5000, 25, 61, 42.5000, 91.5000, 22, 21, 3, 49.5000, 21.5000, 37.5000, 16.5000, 47.5000, 8, 15.5000, 23.5000, 26, 43.5000, 80, 50, 142.5000, 73.5000, 86, 21.5000, 126, 136.5000, 172.5000, 104, 277.5000, 18, 36, 46, 45.5000, 0, 39.5000, 0, 71.5000, 93.5000, 119.5000, 21.5000, 151, 0, 81, 16, 167, 10.5000, 33, 15, 45.5000], [66.5000, 23.5000, 48.5000, 38.5000, 250.5000, 104, 18.5000, 130.5000, 69.5000, 27.5000, 29.5000, 25.5000, 1411, 1398.5000, 614.5000, 1221.5000, 16.5000, 5, 24, 6.5000, 25, 6.5000, 1, 9, 6, 4, 4, 1, 147, 189.5000, 351.5000, 168, 36, 9.5000, 14, 6, 107.5000, 47.5000, 9, 70, 29.5000, 17.5000, 22.5000, 19.5000, 313, 295.5000, 584.5000, 278.5000, 0, 6, 0, 18.5000, 53, 18.5000, 6.5000, 36.5000, 0, 12, 13, 20.5000, 162, 114, 185, 130.5000], [38, 73, 43, 50, 204.5000, 440.5000, 34.5000, 264.5000, 20, 111.5000, 22.5000, 71, 1398.5000, 8779, 667.5000, 4061.5000, 18, 26.5000, 43, 16.5000, 21, 14.5000, 5.5000, 18.5000, 9, 6.5000, 7, 4.5000, 128, 699.5000, 507, 409, 28.5000, 25, 30.5000, 14, 100.5000, 178, 25, 132, 24, 45, 26.5000, 34, 311, 1340.5000, 898, 683.5000, 0, 42.5000, 0, 20.5000, 30.5000, 82, 3.5000, 44.5000, 0, 32, 15, 33, 115.5000, 384.5000, 211.5000, 245.5000], [84, 40.5000, 167.5000, 43, 321.5000, 164.5000, 96.5000, 192.5000, 41, 44.5000, 82, 51.5000, 614.5000, 667.5000, 13127, 702.5000, 31.5000, 21.5000, 94.5000, 15.5000, 19.5000, 16.5000, 6, 25, 10.5000, 8, 19, 6.5000, 240, 403.5000, 1279, 311.5000, 33, 13.5000, 48, 16, 156.5000, 107, 23.5000, 108.5000, 39, 25, 45, 24, 256.5000, 245, 878, 215, 0, 22.5000, 0, 24, 75.5000, 56.5000, 15, 77, 0, 17.5000, 37, 24.5000, 274, 205, 720.5000, 187.5000], [36, 54.5000, 32, 113.5000, 255, 185, 36, 449, 25, 59, 24.5000, 130.5000, 1221.5000, 4061.5000, 702.5000, 5793, 15, 25.5000, 20.5000, 32.5000, 11, 7.5000, 1, 24.5000, 4, 6.5000, 7, 5, 148.5000, 382.5000, 445, 537.5000, 16.5000, 14, 17.5000, 32, 100, 112.5000, 12.5000, 182, 36.5000, 36.5000, 29.5000, 56.5000, 302, 631, 797.5000, 1009, 0, 28, 0, 45, 49, 65.5000, 9.5000, 92.5000, 0, 29, 21.5000, 28.5000, 143, 254.5000, 232, 412.5000], [335, 49.5000, 263, 78.5000, 58.5000, 17.5000, 8, 24.5000, 112, 38, 79.5000, 25, 16.5000, 18, 31.5000, 15, 2301, 266.5000, 2290.5000, 245.5000, 79.5000, 33, 10.5000, 42, 132, 67.5000, 85.5000, 44, 43.5000, 37, 55.5000, 34, 281.5000, 41, 218, 44, 64, 21, 7, 24.5000, 39.5000, 20.5000, 12.5000, 12.5000, 21.5000, 18.5000, 29.5000, 14, 0, 36.5000, 0, 50, 25, 25.5000, 3, 18, 0, 12.5000, 39, 19, 9.5000, 14.5000, 15.5000, 9], [102, 307, 114.5000, 182, 22, 41, 6, 22.5000, 57, 110.5000, 60.5000, 61, 5, 26.5000, 21.5000, 25.5000, 266.5000, 4700, 428, 2462, 34.5000, 57.5000, 11, 43, 58, 166.5000, 68.5000, 59.5000, 15.5000, 69, 46, 39.5000, 57.5000, 106, 86, 41.5000, 14.5000, 27.5000, 6, 27.5000, 12.5000, 39.5000, 13, 11, 5, 16, 23.5000, 14, 0, 343.5000, 0, 145, 14.5000, 62, 8, 27, 0, 34.5000, 24, 25.5000, 10, 83.5000, 17, 39.5000], [401.5000, 146, 788.5000, 124, 69, 54.5000, 26.5000, 53.5000, 147, 83.5000, 179, 42.5000, 24, 43, 94.5000, 20.5000, 2290.5000, 428, 8581, 347.5000, 102.5000, 85.5000, 47.5000, 78.5000, 117.5000, 139, 239, 79, 52, 87.5000, 226.5000, 62.5000, 387, 115, 770.5000, 97.5000, 54.5000, 56.5000, 22.5000, 49.5000, 65, 40, 49, 28.5000, 21.5000, 31, 124, 28.5000, 0, 77, 0, 55.5000, 47.5000, 61.5000, 17, 50.5000, 0, 18, 93, 32.5000, 26, 28, 87.5000, 18], [81, 143.5000, 90, 244, 23, 26, 3, 35, 48.5000, 78, 38, 91.5000, 6.5000, 16.5000, 15.5000, 32.5000, 245.5000, 2462, 347.5000, 3677, 30, 26, 13.5000, 107, 42, 73.5000, 49.5000, 79.5000, 12, 37.5000, 35.5000, 66, 53, 66, 56.5000, 109.5000, 8.5000, 20.5000, 3, 19, 16, 20.5000, 18, 18.5000, 3.5000, 12, 15.5000, 16, 0, 197.5000, 0, 327, 16.5000, 29.5000, 1.5000, 45.5000, 0, 16.5000, 36, 33, 9, 32, 17.5000, 58], [36, 17, 26.5000, 17.5000, 108, 59, 19.5000, 47, 20, 19, 12.5000, 22, 25, 21, 19.5000, 11, 79.5000, 34.5000, 102.5000, 30, 2904, 1651, 418.5000, 1845.5000, 19.5000, 11.5000, 14.5000, 10, 31.5000, 26, 75.5000, 24, 28.5000, 17, 36.5000, 16, 104.5000, 60.5000, 22.5000, 68.5000, 23.5000, 10.5000, 12, 12, 13.5000, 20.5000, 40, 14, 0, 10.5000, 0, 8.5000, 162, 111, 21.5000, 140, 0, 1, 10, 6.5000, 10, 5, 15, 7.5000], [21, 27, 25, 28.5000, 40.5000, 88, 10, 44.5000, 11.5000, 52.5000, 9, 21, 6.5000, 14.5000, 16.5000, 7.5000, 33, 57.5000, 85.5000, 26, 1651, 4026, 432.5000, 2431, 9, 23, 12.5000, 5, 7.5000, 80, 36, 32, 9, 22.5000, 24.5000, 9, 40, 101.5000, 14.5000, 64.5000, 12.5000, 23.5000, 10.5000, 9, 11.5000, 19.5000, 18.5000, 15.5000, 0, 24, 0, 10.5000, 76.5000, 203, 17.5000, 127, 0, 15.5000, 7, 8, 2.5000, 18.5000, 7, 17], [5, 6, 7, 5, 14.5000, 11.5000, 9.5000, 10.5000, 1, 17, 5.5000, 3, 1, 5.5000, 6, 1, 10.5000, 11, 47.5000, 13.5000, 418.5000, 432.5000, 307, 418, 4, 4.5000, 11.5000, 2, 6, 7.5000, 48.5000, 11, 7, 4, 19, 4.5000, 11, 31, 16.5000, 25, 3.5000, 8.5000, 4, 1.5000, 2, 8, 8.5000, 3.5000, 0, 7, 0, 1, 20, 23, 8.5000, 25.5000, 0, 2, 5, 1, 4, 5.5000, 4, 1], [26.5000, 22.5000, 23, 35.5000, 64, 67, 15, 133.5000, 24, 40.5000, 6.5000, 49.5000, 9, 18.5000, 25, 24.5000, 42, 43, 78.5000, 107, 1845.5000, 2431, 418, 3798, 13, 18, 13.5000, 13.5000, 18, 48.5000, 42.5000, 82.5000, 24.5000, 9.5000, 19.5000, 21, 71.5000, 78, 16.5000, 199, 10.5000, 15.5000, 16, 12, 11, 19.5000, 31, 37.5000, 0, 18, 0, 20, 116, 136.5000, 20, 307, 0, 7, 6, 18.5000, 9.5000, 11, 16, 28], [136, 15.5000, 182, 17.5000, 10.5000, 18, 3.5000, 11, 414, 30.5000, 332.5000, 21.5000, 6, 9, 10.5000, 4, 132, 58, 117.5000, 42, 19.5000, 9, 4, 13, 446, 337.5000, 348.5000, 213, 14, 18, 18, 13.5000, 22, 4, 14, 4.5000, 8.5000, 9, 1, 4.5000, 26.5000, 12, 12, 8.5000, 6.5000, 3.5000, 10.5000, 7.5000, 0, 11, 0, 11, 8, 8.5000, 2, 7.5000, 0, 10.5000, 20.5000, 13, 4, 4, 9, 9.5000], [148.5000, 54, 220, 18.5000, 10, 19, 6, 9.5000, 293.5000, 62.5000, 378, 37.5000, 4, 6.5000, 8, 6.5000, 67.5000, 166.5000, 139, 73.5000, 11.5000, 23, 4.5000, 18, 337.5000, 1332, 406, 424, 11.5000, 53, 28, 18, 10, 12, 22.5000, 6.5000, 9.5000, 21, 4, 6, 7.5000, 40.5000, 7.5000, 11.5000, 6, 13, 9, 3.5000, 0, 25, 0, 10, 5, 20, 5.5000, 14, 0, 34.5000, 24, 20.5000, 5.5000, 13, 7, 5], [197, 26.5000, 350.5000, 23, 17, 13.5000, 7, 15, 417, 35.5000, 474, 16.5000, 4, 7, 19, 7, 85.5000, 68.5000, 239, 49.5000, 14.5000, 12.5000, 11.5000, 13.5000, 348.5000, 406, 658, 239.5000, 8, 16.5000, 37.5000, 12.5000, 21, 17, 37, 10.5000, 2.5000, 12, 3.5000, 10.5000, 14.5000, 14, 19.5000, 11, 2.5000, 5, 11.5000, 3.5000, 0, 13.5000, 0, 10, 7.5000, 10.5000, 2.5000, 7.5000, 0, 17.5000, 52, 18.5000, 2.5000, 5, 8.5000, 6], [82, 34, 112, 32, 5.5000, 8, 4, 9.5000, 185, 28.5000, 185, 47.5000, 1, 4.5000, 6.5000, 5, 44, 59.5000, 79, 79.5000, 10, 5, 2, 13.5000, 213, 424, 239.5000, 273, 5, 14, 13, 14, 14.5000, 5, 18, 9, 4, 9, 4, 15, 5.5000, 9, 5, 12, 2, 4.5000, 11.5000, 3.5000, 0, 15, 0, 23.5000, 4, 4.5000, 0.5000, 16.5000, 0, 19, 13, 41.5000, 3, 8, 6.5000, 6], [15.5000, 6, 14.5000, 11, 34.5000, 23, 6, 14, 10, 9, 7.5000, 8, 147, 128, 240, 148.5000, 43.5000, 15.5000, 52, 12, 31.5000, 7.5000, 6, 18, 14, 11.5000, 8, 5, 725, 757, 1673, 669.5000, 12, 1, 6.5000, 2.5000, 49.5000, 16, 1.5000, 25.5000, 17.5000, 6, 9.5000, 6.5000, 88, 59, 175, 80.5000, 0, 12, 0, 15.5000, 26.5000, 10, 3.5000, 22.5000, 0, 10.5000, 15.5000, 16.5000, 401, 134.5000, 642, 148.5000], [17, 31.5000, 16, 11.5000, 52, 76, 10, 52.5000, 8.5000, 37.5000, 13.5000, 15.5000, 189.5000, 699.5000, 403.5000, 382.5000, 37, 69, 87.5000, 37.5000, 26, 80, 7.5000, 48.5000, 18, 53, 16.5000, 14, 757, 5898, 2817.5000, 2139.5000, 7, 9, 18.5000, 6.5000, 42, 76.5000, 8.5000, 63.5000, 13, 22, 14.5000, 11.5000, 91, 388, 267.5000, 165.5000, 0, 62.5000, 0, 32, 25.5000, 53.5000, 4.5000, 56.5000, 0, 50, 27.5000, 42, 498.5000, 714, 936.5000, 421], [34.5000, 29, 55.5000, 22.5000, 80.5000, 69.5000, 56.5000, 86.5000, 16, 28, 32, 23.5000, 351.5000, 507, 1279, 445, 55.5000, 46, 226.5000, 35.5000, 75.5000, 36, 48.5000, 42.5000, 18, 28, 37.5000, 13, 1673, 2817.5000, 9343, 2215, 32.5000, 9.5000, 39.5000, 9.5000, 110, 79.5000, 12.5000, 80.5000, 32.5000, 24, 31, 14.5000, 201, 264.5000, 789.5000, 233.5000, 0, 41, 0, 33, 64, 52.5000, 20.5000, 62.5000, 0, 37, 76, 39, 1147.5000, 429.5000, 2774, 435.5000], [14, 11.5000, 13.5000, 23.5000, 48.5000, 39, 11.5000, 69, 9.5000, 13.5000, 12, 26, 168, 409, 311.5000, 537.5000, 34, 39.5000, 62.5000, 66, 24, 32, 11, 82.5000, 13.5000, 18, 12.5000, 14, 669.5000, 2139.5000, 2215, 3047, 10.5000, 6, 17, 16.5000, 46.5000, 46.5000, 6, 80, 21.5000, 20, 17, 18, 107.5000, 210, 222, 237, 0, 32.5000, 0, 52.5000, 26.5000, 34.5000, 3, 75.5000, 0, 24, 26, 39.5000, 414.5000, 369, 799.5000, 550.5000], [466, 106, 259.5000, 112.5000, 67, 56, 15.5000, 38, 71, 58.5000, 41, 43.5000, 36, 28.5000, 33, 16.5000, 281.5000, 57.5000, 387, 53, 28.5000, 9, 7, 24.5000, 22, 10, 21, 14.5000, 12, 7, 32.5000, 10.5000, 4954, 664.5000, 4086.5000, 650.5000, 141, 61.5000, 31.5000, 88.5000, 224.5000, 68, 99.5000, 46, 59, 23.5000, 82.5000, 34.5000, 0, 32.5000, 0, 27, 35, 18, 8, 22.5000, 0, 7.5000, 11.5000, 13, 14.5000, 7, 14.5000, 14], [72.5000, 487.5000, 70.5000, 277.5000, 23, 57.5000, 10.5000, 37.5000, 18.5000, 144, 22.5000, 80, 9.5000, 25, 13.5000, 14, 41, 106, 115, 66, 17, 22.5000, 4, 9.5000, 4, 12, 17, 5, 1, 9, 9.5000, 6, 664.5000, 7019, 959, 3321, 47, 120.5000, 7.5000, 78.5000, 70.5000, 206.5000, 52.5000, 63, 8, 53.5000, 21.5000, 12, 0, 52, 0, 29.5000, 19, 54, 6.5000, 29, 0, 13.5000, 7, 8.5000, 5.5000, 11, 3.5000, 8], [221, 137, 475, 102, 62, 55, 24, 27.5000, 50, 79, 61, 50, 14, 30.5000, 48, 17.5000, 218, 86, 770.5000, 56.5000, 36.5000, 24.5000, 19, 19.5000, 14, 22.5000, 37, 18, 6.5000, 18.5000, 39.5000, 17, 4086.5000, 959, 9093, 810, 123.5000, 113.5000, 41.5000, 104, 148.5000, 98, 182.5000, 80, 39, 23, 170, 28, 0, 26, 0, 17, 27.5000, 43.5000, 13.5000, 29, 0, 7.5000, 15, 7, 12, 4, 23.5000, 10.5000], [84.5000, 313, 85, 492, 31, 48, 7, 56, 16, 84, 22, 142.5000, 6, 14, 16, 32, 44, 41.5000, 97.5000, 109.5000, 16, 9, 4.5000, 21, 4.5000, 6.5000, 10.5000, 9, 2.5000, 6.5000, 9.5000, 16.5000, 650.5000, 3321, 810, 4633, 40.5000, 62, 10, 127.5000, 80.5000, 110.5000, 65.5000, 171, 11, 31.5000, 22, 38.5000, 0, 15.5000, 0, 107, 34, 32.5000, 4, 69.5000, 0, 5.5000, 6.5000, 12.5000, 6, 7, 3, 21.5000], [71.5000, 43, 64, 41.5000, 445, 174, 47.5000, 228, 48.5000, 81.5000, 24, 73.5000, 107.5000, 100.5000, 156.5000, 100, 64, 14.5000, 54.5000, 8.5000, 104.5000, 40, 11, 71.5000, 8.5000, 9.5000, 2.5000, 4, 49.5000, 42, 110, 46.5000, 141, 47, 123.5000, 40.5000, 2593, 1497.5000, 296, 1477.5000, 302, 136, 142.5000, 104.5000, 273.5000, 144, 424.5000, 173, 0, 19.5000, 0, 13, 364.5000, 224, 39, 240, 0, 20, 10, 31.5000, 39.5000, 32, 60, 47], [34.5000, 89, 51, 48.5000, 195.5000, 417, 66, 223.5000, 18, 178.5000, 26.5000, 86, 47.5000, 178, 107, 112.5000, 21, 27.5000, 56.5000, 20.5000, 60.5000, 101.5000, 31, 78, 9, 21, 12, 9, 16, 76.5000, 79.5000, 46.5000, 61.5000, 120.5000, 113.5000, 62, 1497.5000, 6461, 442, 2326.5000, 123.5000, 282.5000, 112, 95, 87, 356, 254.5000, 157, 0, 33, 0, 16, 224.5000, 609.5000, 61, 312.5000, 0, 58, 12.5000, 43, 22, 69.5000, 36.5000, 46], [13.5000, 17.5000, 21, 7.5000, 39, 46, 15, 29, 3.5000, 32.5000, 7, 21.5000, 9, 25, 23.5000, 12.5000, 7, 6, 22.5000, 3, 22.5000, 14.5000, 16.5000, 16.5000, 1, 4, 3.5000, 4, 1.5000, 8.5000, 12.5000, 6, 31.5000, 7.5000, 41.5000, 10, 296, 442, 217, 325, 29.5000, 27.5000, 32.5000, 12.5000, 25, 37.5000, 101.5000, 16.5000, 0, 3.5000, 0, 2.5000, 32, 54.5000, 21, 44, 0, 3, 1.5000, 5, 2, 7.5000, 7, 3], [39.5000, 66.5000, 49.5000, 102, 295, 261.5000, 54, 491, 24, 99.5000, 27.5000, 126, 70, 132, 108.5000, 182, 24.5000, 27.5000, 49.5000, 19, 68.5000, 64.5000, 25, 199, 4.5000, 6, 10.5000, 15, 25.5000, 63.5000, 80.5000, 80, 88.5000, 78.5000, 104, 127.5000, 1477.5000, 2326.5000, 325, 3776, 151.5000, 183, 134, 248, 112, 195, 301.5000, 335.5000, 0, 28.5000, 0, 48.5000, 240, 314, 62, 538, 0, 35.5000, 14.5000, 60.5000, 32, 67, 46, 115.5000], [81.5000, 68, 57, 55, 73, 37, 13, 38.5000, 129.5000, 162, 53.5000, 136.5000, 29.5000, 24, 39, 36.5000, 39.5000, 12.5000, 65, 16, 23.5000, 12.5000, 3.5000, 10.5000, 26.5000, 7.5000, 14.5000, 5.5000, 17.5000, 13, 32.5000, 21.5000, 224.5000, 70.5000, 148.5000, 80.5000, 302, 123.5000, 29.5000, 151.5000, 4624, 1669.5000, 2006.5000, 1316.5000, 65.5000, 41.5000, 93, 43.5000, 0, 24, 0, 12, 39, 39.5000, 12, 43, 0, 31, 32, 29.5000, 7, 15.5000, 17, 14], [37.5000, 164.5000, 55, 78, 37, 64.5000, 10.5000, 43.5000, 36, 395, 36.5000, 172.5000, 17.5000, 45, 25, 36.5000, 20.5000, 39.5000, 40, 20.5000, 10.5000, 23.5000, 8.5000, 15.5000, 12, 40.5000, 14, 9, 6, 22, 24, 20, 68, 206.5000, 98, 110.5000, 136, 282.5000, 27.5000, 183, 1669.5000, 4374, 1453, 1357.5000, 20, 77, 53, 55.5000, 0, 17.5000, 0, 15.5000, 29, 93, 13, 58.5000, 0, 74.5000, 13.5000, 57.5000, 7, 26, 13.5000, 18.5000], [32.5000, 69.5000, 78.5000, 55.5000, 58, 24.5000, 9, 32.5000, 49, 149, 95.5000, 104, 22.5000, 26.5000, 45, 29.5000, 12.5000, 13, 49, 18, 12, 10.5000, 4, 16, 12, 7.5000, 19.5000, 5, 9.5000, 14.5000, 31, 17, 99.5000, 52.5000, 182.5000, 65.5000, 142.5000, 112, 32.5000, 134, 2006.5000, 1453, 3060, 979, 39.5000, 35.5000, 104.5000, 31, 0, 9, 0, 3, 31.5000, 37, 13.5000, 35, 0, 24, 61.5000, 26, 8, 18.5000, 22, 17], [27, 56, 31, 96, 45.5000, 38, 7, 66, 27.5000, 176.5000, 27, 277.5000, 19.5000, 34, 24, 56.5000, 12.5000, 11, 28.5000, 18.5000, 12, 9, 1.5000, 12, 8.5000, 11.5000, 11, 12, 6.5000, 11.5000, 14.5000, 18, 46, 63, 80, 171, 104.5000, 95, 12.5000, 248, 1316.5000, 1357.5000, 979, 1974, 24, 51, 72, 84.5000, 0, 12, 0, 20.5000, 35, 35, 11, 47.5000, 0, 46.5000, 14.5000, 93.5000, 8, 21.5000, 14, 45], [39.5000, 9, 27.5000, 10, 135.5000, 61.5000, 12.5000, 74, 21.5000, 16.5000, 22, 18, 313, 311, 256.5000, 302, 21.5000, 5, 21.5000, 3.5000, 13.5000, 11.5000, 2, 11, 6.5000, 6, 2.5000, 2, 88, 91, 201, 107.5000, 59, 8, 39, 11, 273.5000, 87, 25, 112, 65.5000, 20, 39.5000, 24, 924, 578.5000, 1622.5000, 581, 0, 8, 0, 16.5000, 73, 21.5000, 6.5000, 37, 0, 8, 8.5000, 13.5000, 89, 53.5000, 151, 75], [22, 38.5000, 43, 28.5000, 117.5000, 197.5000, 24, 115, 15, 58, 14, 36, 295.5000, 1340.5000, 245, 631, 18.5000, 16, 31, 12, 20.5000, 19.5000, 8, 19.5000, 3.5000, 13, 5, 4.5000, 59, 388, 264.5000, 210, 23.5000, 53.5000, 23, 31.5000, 144, 356, 37.5000, 195, 41.5000, 77, 35.5000, 51, 578.5000, 3651, 1795, 1155.5000, 0, 44.5000, 0, 25, 35.5000, 104.5000, 6.5000, 50, 0, 29, 10, 21, 74.5000, 211.5000, 112, 150], [52, 32.5000, 79, 36.5000, 230, 145, 56.5000, 147, 29, 44.5000, 26.5000, 46, 584.5000, 898, 878, 797.5000, 29.5000, 23.5000, 124, 15.5000, 40, 18.5000, 8.5000, 31, 10.5000, 9, 11.5000, 11.5000, 175, 267.5000, 789.5000, 222, 82.5000, 21.5000, 170, 22, 424.5000, 254.5000, 101.5000, 301.5000, 93, 53, 104.5000, 72, 1622.5000, 1795, 7529, 1615, 0, 9, 0, 22, 94, 68.5000, 17.5000, 68.5000, 0, 27.5000, 30, 32, 158, 150, 462, 173], [16.5000, 20.5000, 19.5000, 36, 117.5000, 97.5000, 16.5000, 177, 19, 39.5000, 13, 45.5000, 278.5000, 683.5000, 215, 1009, 14, 14, 28.5000, 16, 14, 15.5000, 3.5000, 37.5000, 7.5000, 3.5000, 3.5000, 3.5000, 80.5000, 165.5000, 233.5000, 237, 34.5000, 12, 28, 38.5000, 173, 157, 16.5000, 335.5000, 43.5000, 55.5000, 31, 84.5000, 581, 1155.5000, 1615, 1836, 0, 27.5000, 0, 33.5000, 45, 38.5000, 5.5000, 77.5000, 0, 16.5000, 20, 42, 82.5000, 132, 134, 224], [0, 0, 0, 0, 0, 0, 0, 0, 0, 0, 0, 0, 0, 0, 0, 0, 0, 0, 0, 0, 0, 0, 0, 0, 0, 0, 0, 0, 0, 0, 0, 0, 0, 0, 0, 0, 0, 0, 0, 0, 0, 0, 0, 0, 0, 0, 0, 0, 150, 0, 53, 0, 0, 0, 0, 0, 104.5000, 0, 0, 0, 0, 0, 0, 0], [21, 85.5000, 25, 57, 11.5000, 26, 1.5000, 11.5000, 20.5000, 50, 16.5000, 39.5000, 6, 42.5000, 22.5000, 28, 36.5000, 343.5000, 77, 197.5000, 10.5000, 24, 7, 18, 11, 25, 13.5000, 15, 12, 62.5000, 41, 32.5000, 32.5000, 52, 26, 15.5000, 19.5000, 33, 3.5000, 28.5000, 24, 17.5000, 9, 12, 8, 44.5000, 9, 27.5000, 0, 7764, 0, 4342.5000, 25, 117, 7, 60.5000, 0, 108, 57, 69.5000, 20, 829.5000, 26, 436.5000], [0, 0, 0, 0, 0, 0, 0, 0, 0, 0, 0, 0, 0, 0, 0, 0, 0, 0, 0, 0, 0, 0, 0, 0, 0, 0, 0, 0, 0, 0, 0, 0, 0, 0, 0, 0, 0, 0, 0, 0, 0, 0, 0, 0, 0, 0, 0, 0, 53, 0, 55, 0, 0, 0, 0, 0, 50.5000, 0, 0, 0, 0, 0, 0, 0], [24, 80, 25.5000, 137.5000, 15.5000, 23, 4.5000, 33, 15.5000, 31, 16.5000, 71.5000, 18.5000, 20.5000, 24, 45, 50, 145, 55.5000, 327, 8.5000, 10.5000, 1, 20, 11, 10, 10, 23.5000, 15.5000, 32, 33, 52.5000, 27, 29.5000, 17, 107, 13, 16, 2.5000, 48.5000, 12, 15.5000, 3, 20.5000, 16.5000, 25, 22, 33.5000, 0, 4342.5000, 0, 8051, 36, 50, 4.5000, 108.5000, 0, 64.5000, 55, 147, 33, 497, 35, 740.5000], [35.5000, 34.5000, 37, 46.5000, 438, 179.5000, 66, 232, 22, 91.5000, 23, 93.5000, 53, 30.5000, 75.5000, 49, 25, 14.5000, 47.5000, 16.5000, 162, 76.5000, 20, 116, 8, 5, 7.5000, 4, 26.5000, 25.5000, 64, 26.5000, 35, 19, 27.5000, 34, 364.5000, 224.5000, 32, 240, 39, 29, 31.5000, 35, 73, 35.5000, 94, 45, 0, 25, 0, 36, 2655, 1303, 241, 1606, 0, 43.5000, 23.5000, 72.5000, 129, 54, 86, 81.5000], [34, 93, 40, 64, 255, 438.5000, 43, 265, 16.5000, 212, 19, 119.5000, 18.5000, 82, 56.5000, 65.5000, 25.5000, 62, 61.5000, 29.5000, 111, 203, 23, 136.5000, 8.5000, 20, 10.5000, 4.5000, 10, 53.5000, 52.5000, 34.5000, 18, 54, 43.5000, 32.5000, 224, 609.5000, 54.5000, 314, 39.5000, 93, 37, 35, 21.5000, 104.5000, 68.5000, 38.5000, 0, 117, 0, 50, 1303, 5860, 339, 2837.5000, 0, 138, 14.5000, 93.5000, 38, 207, 49.5000, 112.5000], [6, 7, 8, 10.5000, 52.5000, 38.5000, 21.5000, 42, 7.5000, 35.5000, 4.5000, 21.5000, 6.5000, 3.5000, 15, 9.5000, 3, 8, 17, 1.5000, 21.5000, 17.5000, 8.5000, 20, 2, 5.5000, 2.5000, 0.5000, 3.5000, 4.5000, 20.5000, 3, 8, 6.5000, 13.5000, 4, 39, 61, 21, 62, 12, 13, 13.5000, 11, 6.5000, 6.5000, 17.5000, 5.5000, 0, 7, 0, 4.5000, 241, 339, 118, 299, 0, 11, 10, 11, 8, 10, 19.5000, 13.5000], [26.5000, 60, 40, 100.5000, 304, 287.5000, 68.5000, 579.5000, 18.5000, 149, 12, 151, 36.5000, 44.5000, 77, 92.5000, 18, 27, 50.5000, 45.5000, 140, 127, 25.5000, 307, 7.5000, 14, 7.5000, 16.5000, 22.5000, 56.5000, 62.5000, 75.5000, 22.5000, 29, 29, 69.5000, 240, 312.5000, 44, 538, 43, 58.5000, 35, 47.5000, 37, 50, 68.5000, 77.5000, 0, 60.5000, 0, 108.5000, 1606, 2837.5000, 299, 5443, 0, 95, 18, 158, 44.5000, 141.5000, 80, 254], [0, 0, 0, 0, 0, 0, 0, 0, 0, 0, 0, 0, 0, 0, 0, 0, 0, 0, 0, 0, 0, 0, 0, 0, 0, 0, 0, 0, 0, 0, 0, 0, 0, 0, 0, 0, 0, 0, 0, 0, 0, 0, 0, 0, 0, 0, 0, 0, 104.5000, 0, 50.5000, 0, 0, 0, 0, 0, 223, 0, 0, 0, 0, 0, 0, 0], [6, 35, 14.5000, 11, 17, 41, 7.5000, 23, 15.5000, 132.5000, 11, 81, 12, 32, 17.5000, 29, 12.5000, 34.5000, 18, 16.5000, 1, 15.5000, 2, 7, 10.5000, 34.5000, 17.5000, 19, 10.5000, 50, 37, 24, 7.5000, 13.5000, 7.5000, 5.5000, 20, 58, 3, 35.5000, 31, 74.5000, 24, 46.5000, 8, 29, 27.5000, 16.5000, 0, 108, 0, 64.5000, 43.5000, 138, 11, 95, 0, 4610, 41.5000, 2842, 9.5000, 161, 19.5000, 88.5000], [24, 14, 44, 16.5000, 14.5000, 8, 1, 8.5000, 26, 18, 73, 16, 13, 15, 37, 21.5000, 39, 24, 93, 36, 10, 7, 5, 6, 20.5000, 24, 52, 13, 15.5000, 27.5000, 76, 26, 11.5000, 7, 15, 6.5000, 10, 12.5000, 1.5000, 14.5000, 32, 13.5000, 61.5000, 14.5000, 8.5000, 10, 30, 20, 0, 57, 0, 55, 23.5000, 14.5000, 10, 18, 0, 41.5000, 6112, 78.5000, 14.5000, 58, 78, 51.5000], [12, 22, 8.5000, 39, 34.5000, 22, 8.5000, 42.5000, 12.5000, 89.5000, 17, 167, 20.5000, 33, 24.5000, 28.5000, 19, 25.5000, 32.5000, 33, 6.5000, 8, 1, 18.5000, 13, 20.5000, 18.5000, 41.5000, 16.5000, 42, 39, 39.5000, 13, 8.5000, 7, 12.5000, 31.5000, 43, 5, 60.5000, 29.5000, 57.5000, 26, 93.5000, 13.5000, 21, 32, 42, 0, 69.5000, 0, 147, 72.5000, 93.5000, 11, 158, 0, 2842, 78.5000, 8548, 26.5000, 104.5000, 36.5000, 181], [12, 7.5000, 12, 12, 47, 28.5000, 7.5000, 23, 4, 9, 8.5000, 10.5000, 162, 115.5000, 274, 143, 9.5000, 10, 26, 9, 10, 2.5000, 4, 9.5000, 4, 5.5000, 2.5000, 3, 401, 498.5000, 1147.5000, 414.5000, 14.5000, 5.5000, 12, 6, 39.5000, 22, 2, 32, 7, 7, 8, 8, 89, 74.5000, 158, 82.5000, 0, 20, 0, 33, 129, 38, 8, 44.5000, 0, 9.5000, 14.5000, 26.5000, 1080, 278.5000, 888.5000, 286], [11.5000, 36, 11.5000, 16.5000, 44.5000, 58.5000, 10.5000, 52.5000, 5, 44.5000, 6.5000, 33, 114, 384.5000, 205, 254.5000, 14.5000, 83.5000, 28, 32, 5, 18.5000, 5.5000, 11, 4, 13, 5, 8, 134.5000, 714, 429.5000, 369, 7, 11, 4, 7, 32, 69.5000, 7.5000, 67, 15.5000, 26, 18.5000, 21.5000, 53.5000, 211.5000, 150, 132, 0, 829.5000, 0, 497, 54, 207, 10, 141.5000, 0, 161, 58, 104.5000, 278.5000, 11588, 317, 5528.5000], [20, 6.5000, 22, 14.5000, 62, 39.5000, 18, 51.5000, 9, 13.5000, 14, 15, 185, 211.5000, 720.5000, 232, 15.5000, 17, 87.5000, 17.5000, 15, 7, 4, 16, 9, 7, 8.5000, 6.5000, 642, 936.5000, 2774, 799.5000, 14.5000, 3.5000, 23.5000, 3, 60, 36.5000, 7, 46, 17, 13.5000, 22, 14, 151, 112, 462, 134, 0, 26, 0, 35, 86, 49.5000, 19.5000, 80, 0, 19.5000, 78, 36.5000, 888.5000, 317, 2327, 349], [11, 18, 7.5000, 45, 36, 39, 12, 69.5000, 7, 31.5000, 4, 45.5000, 130.5000, 245.5000, 187.5000, 412.5000, 9, 39.5000, 18, 58, 7.5000, 17, 1, 28, 9.5000, 5, 6, 6, 148.5000, 421, 435.5000, 550.5000, 14, 8, 10.5000, 21.5000, 47, 46, 3, 115.5000, 14, 18.5000, 17, 45, 75, 150, 173, 224, 0, 436.5000, 0, 740.5000, 81.5000, 112.5000, 13.5000, 254, 0, 88.5000, 51.5000, 181, 286, 5528.5000, 349, 9024]];

