# Refined counts and mutations matrices for vrt after round 2
# Minimal count is 1 for TGG<->CCA.

CodonCounts:=[[14783, 646, 10449, 573.5000, 588, 234.5000, 133, 211, 1599.5000, 300.5000, 863, 237, 177.5000, 74, 190, 67, 646, 182.5000, 797.5000, 147, 156.5000, 65.5000, 40, 66.5000, 349, 398.5000, 395.5000, 266, 37.5000, 37.5000, 101.5000, 38.5000, 811, 235.5000, 461, 245, 254.5000, 140, 66, 121.5000, 234.5000, 88.5000, 91, 60, 73, 48, 92, 60, 0, 55, 0, 85.5000, 116.5000, 91, 30, 120.5000, 0, 19, 23, 18.5000, 27.5000, 31.5000, 48.5000, 51], [646, 15700, 689.5000, 5679.5000, 269.5000, 607, 165.5000, 304, 155, 1753.5000, 117.5000, 669.5000, 39.5000, 138.5000, 138.5000, 76.5000, 192.5000, 581, 434.5000, 264, 80.5000, 115.5000, 35, 75, 30, 104.5000, 54, 68, 13.5000, 54.5000, 64, 32, 316.5000, 1394, 443, 659.5000, 129, 302.5000, 74, 174.5000, 260.5000, 480.5000, 176.5000, 236, 24, 90.5000, 79.5000, 51, 0, 260, 0, 104.5000, 131, 306, 79.5000, 189.5000, 0, 85, 16.5000, 52, 16.5000, 78, 25, 34], [10449, 689.5000, 21582, 555, 307, 260, 218, 189.5000, 1068, 316, 1619.5000, 210, 68, 94, 441.5000, 80.5000, 430.5000, 217.5000, 1471.5000, 140, 93.5000, 60, 50, 56, 321, 567, 566.5000, 324, 28.5000, 50.5000, 205.5000, 47, 391, 265.5000, 998.5000, 208, 143, 169, 115.5000, 163.5000, 109, 112.5000, 138.5000, 55, 41, 46.5000, 185.5000, 68, 0, 67.5000, 0, 57, 83, 122.5000, 44.5000, 94.5000, 0, 36.5000, 66.5000, 18.5000, 23.5000, 27.5000, 105.5000, 38], [573.5000, 5679.5000, 555, 8501, 216, 233.5000, 104.5000, 443.5000, 124, 750.5000, 108, 725.5000, 37.5000, 71, 101.5000, 121.5000, 165, 264.5000, 268.5000, 351.5000, 59.5000, 49, 24, 68, 31, 47.5000, 39.5000, 88, 10.5000, 30, 47.5000, 57.5000, 262, 586, 316, 1099.5000, 125, 129, 49.5000, 186, 190.5000, 194.5000, 101.5000, 213.5000, 15.5000, 43, 67.5000, 92, 0, 124.5000, 0, 225.5000, 89.5000, 138.5000, 49, 183.5000, 0, 39, 17, 66.5000, 18.5000, 23.5000, 37.5000, 87], [588, 269.5000, 307, 216, 5490, 2743.5000, 1356, 2199, 266.5000, 393, 80.5000, 282, 249.5000, 173.5000, 312, 141, 161, 63, 188, 50.5000, 227.5000, 115.5000, 64, 132.5000, 32.5000, 29.5000, 26.5000, 30, 40.5000, 55.5000, 120.5000, 35.5000, 201.5000, 84, 160, 85.5000, 614.5000, 344.5000, 137, 305, 132, 79.5000, 61.5000, 42.5000, 152, 131, 261, 129, 0, 34.5000, 0, 37, 639.5000, 402.5000, 157.5000, 408.5000, 0, 39.5000, 11.5000, 39, 48.5000, 42, 70.5000, 34], [234.5000, 607, 260, 233.5000, 2743.5000, 7627, 1414, 2587.5000, 67, 910, 61, 321.5000, 92.5000, 424.5000, 254, 168.5000, 85.5000, 87.5000, 185, 50, 121, 227, 68.5000, 154, 20.5000, 54.5000, 33.5000, 22.5000, 21, 107, 122.5000, 40.5000, 100.5000, 162, 160.5000, 87, 280.5000, 846, 161, 398, 96, 189, 74, 87.5000, 79.5000, 285, 253, 150.5000, 0, 67, 0, 27, 337.5000, 890, 150.5000, 449, 0, 90, 12.5000, 55, 30, 68, 45, 39.5000], [133, 165.5000, 218, 104.5000, 1356, 1414, 1460, 1027, 54, 245, 85.5000, 140, 46, 81, 295, 63, 52, 36.5000, 150, 15.5000, 52.5000, 69, 53.5000, 41.5000, 6.5000, 27, 20, 13.5000, 17, 28, 92, 19, 52.5000, 48.5000, 111, 43.5000, 160.5000, 162, 127.5000, 133, 39.5000, 61, 49, 28, 39, 56.5000, 172.5000, 62, 0, 15.5000, 0, 14, 159, 207, 124, 167, 0, 18, 21, 14.5000, 19.5000, 24.5000, 42.5000, 16], [211, 304, 189.5000, 443.5000, 2199, 2587.5000, 1027, 5151, 54.5000, 482, 54, 439, 95, 213, 211.5000, 444.5000, 57.5000, 65.5000, 129, 50.5000, 96, 96, 51.5000, 263, 20.5000, 26.5000, 19, 30.5000, 19, 49.5000, 94, 97.5000, 97.5000, 72.5000, 133.5000, 162.5000, 264, 365.5000, 143.5000, 549, 60.5000, 105.5000, 67, 88, 72.5000, 121.5000, 208.5000, 259.5000, 0, 31, 0, 46.5000, 307, 364, 107, 647, 0, 58, 13.5000, 52, 23, 36, 52.5000, 58], [1599.5000, 155, 1068, 124, 266.5000, 67, 54, 54.5000, 4956, 219.5000, 2204, 190, 109.5000, 29, 101.5000, 29, 181.5000, 111.5000, 251.5000, 74.5000, 32.5000, 26, 22, 16.5000, 992.5000, 1128.5000, 1018.5000, 743, 9, 18.5000, 51, 32.5000, 127.5000, 54, 86.5000, 48.5000, 136.5000, 45, 32, 35.5000, 245.5000, 61.5000, 76, 37.5000, 31.5000, 15, 39, 16.5000, 0, 37.5000, 0, 23, 51, 37.5000, 15.5000, 31.5000, 0, 16.5000, 50.5000, 18.5000, 27, 11.5000, 24.5000, 16], [300.5000, 1753.5000, 316, 750.5000, 393, 910, 245, 482, 219.5000, 9387, 174.5000, 3307, 32.5000, 133, 113.5000, 65.5000, 130, 185.5000, 275, 108.5000, 73, 148, 48.5000, 87, 45, 159.5000, 54, 68.5000, 12.5000, 65, 67.5000, 21.5000, 138.5000, 415.5000, 218.5000, 246, 190.5000, 500, 135, 265, 392.5000, 924, 349, 360.5000, 33, 99.5000, 93.5000, 51.5000, 0, 86.5000, 0, 44, 275, 776.5000, 171, 467.5000, 0, 233, 16, 120.5000, 12, 44.5000, 31, 28.5000], [863, 117.5000, 1619.5000, 108, 80.5000, 61, 85.5000, 54, 2204, 174.5000, 4020, 137, 18, 22, 159, 25, 111, 84.5000, 324, 63, 18.5000, 25, 18.5000, 15, 689.5000, 1179.5000, 1159, 659.5000, 8.5000, 16, 53.5000, 19.5000, 73, 39, 145.5000, 34, 45, 37.5000, 23, 34.5000, 70, 53, 126.5000, 49, 9.5000, 10.5000, 46, 12, 0, 23.5000, 0, 27, 25, 29.5000, 16.5000, 31.5000, 0, 24.5000, 63, 14.5000, 12.5000, 7.5000, 27.5000, 6.5000], [237, 669.5000, 210, 725.5000, 282, 321.5000, 140, 439, 190, 3307, 137, 4224, 20, 45.5000, 86.5000, 95, 93, 71.5000, 153, 93.5000, 44, 41.5000, 39.5000, 75.5000, 26.5000, 47, 34, 73.5000, 7, 22, 29, 19.5000, 110, 167.5000, 148.5000, 289.5000, 133.5000, 160.5000, 63, 236.5000, 250.5000, 316.5000, 199, 371, 19.5000, 41.5000, 64.5000, 56.5000, 0, 37, 0, 44.5000, 176.5000, 271, 96.5000, 321.5000, 0, 88, 14.5000, 148, 16, 19.5000, 15.5000, 36.5000], [177.5000, 39.5000, 68, 37.5000, 249.5000, 92.5000, 46, 95, 109.5000, 32.5000, 18, 20, 2493, 2174.5000, 579, 1498, 53.5000, 14.5000, 48, 14, 32.5000, 15, 7, 22.5000, 6, 11.5000, 6, 9, 236.5000, 202, 440, 158.5000, 56, 13.5000, 36, 19.5000, 116, 57, 34, 55.5000, 33.5000, 13.5000, 7.5000, 9, 488.5000, 339.5000, 643, 306.5000, 0, 18, 0, 23, 39.5000, 24.5000, 13.5000, 20, 0, 7.5000, 5.5000, 9.5000, 185, 81.5000, 182, 90.5000], [74, 138.5000, 94, 71, 173.5000, 424.5000, 81, 213, 29, 133, 22, 45.5000, 2174.5000, 14398, 1029.5000, 5429.5000, 25, 42, 83, 32, 25.5000, 41.5000, 16, 33, 11.5000, 27.5000, 16, 11, 176, 856, 995, 391, 43, 49, 55, 21, 96, 218.5000, 60, 126.5000, 24.5000, 40.5000, 19, 19.5000, 371, 1861, 1735.5000, 920, 0, 99, 0, 43.5000, 33, 89, 16, 53, 0, 48, 24, 26, 146, 451.5000, 361, 207], [190, 138.5000, 441.5000, 101.5000, 312, 254, 295, 211.5000, 101.5000, 113.5000, 159, 86.5000, 579, 1029.5000, 20089, 839, 99.5000, 59.5000, 330, 53.5000, 50, 37.5000, 56, 40.5000, 25, 38.5000, 43.5000, 24, 284, 715, 2116, 480, 78, 51.5000, 177, 42.5000, 182, 194, 148, 173, 48.5000, 45.5000, 57.5000, 30.5000, 216.5000, 354, 1171, 333.5000, 0, 72, 0, 51, 89, 110.5000, 54.5000, 90, 0, 40.5000, 85.5000, 32.5000, 294.5000, 248, 882, 235], [67, 76.5000, 80.5000, 121.5000, 141, 168.5000, 63, 444.5000, 29, 65.5000, 25, 95, 1498, 5429.5000, 839, 7489, 34, 22.5000, 67.5000, 42, 21.5000, 21, 13, 53.5000, 3.5000, 6, 9, 18, 120, 355.5000, 717, 526, 33.5000, 26, 53.5000, 45.5000, 77, 98.5000, 39.5000, 150.5000, 23, 24.5000, 12, 24, 321, 773, 1226, 1307, 0, 45, 0, 78.5000, 30.5000, 32.5000, 7, 62.5000, 0, 26.5000, 18.5000, 27, 142, 187, 267, 339], [646, 192.5000, 430.5000, 165, 161, 85.5000, 52, 57.5000, 181.5000, 130, 111, 93, 53.5000, 25, 99.5000, 34, 4364, 392.5000, 4849.5000, 327, 293, 121, 87, 123, 254, 112.5000, 103.5000, 86.5000, 75, 66, 151.5000, 50.5000, 677, 158, 500, 170.5000, 108.5000, 95.5000, 47.5000, 93.5000, 118, 44, 43, 38.5000, 34, 25, 54.5000, 31, 0, 56, 0, 60.5000, 94.5000, 84.5000, 25, 92.5000, 0, 15.5000, 10, 14, 27.5000, 28.5000, 39, 20], [182.5000, 581, 217.5000, 264.5000, 63, 87.5000, 36.5000, 65.5000, 111.5000, 185.5000, 84.5000, 71.5000, 14.5000, 42, 59.5000, 22.5000, 392.5000, 8564, 949, 3633.5000, 100.5000, 209, 72, 106.5000, 73.5000, 306, 107, 118, 27.5000, 125, 117, 64.5000, 122.5000, 219, 182, 100.5000, 43.5000, 87, 39.5000, 49, 41, 82, 46, 35.5000, 8, 42, 42.5000, 21, 0, 603.5000, 0, 252, 46.5000, 106.5000, 44.5000, 69.5000, 0, 42, 34, 22.5000, 15.5000, 148.5000, 23, 78], [797.5000, 434.5000, 1471.5000, 268.5000, 188, 185, 150, 129, 251.5000, 275, 324, 153, 48, 83, 330, 67.5000, 4849.5000, 949, 19791, 694.5000, 311, 253, 240.5000, 206, 183, 315.5000, 434.5000, 171.5000, 76.5000, 130, 490.5000, 119.5000, 797.5000, 341.5000, 1820.5000, 302.5000, 193.5000, 212, 140, 211, 112, 90, 148.5000, 65.5000, 52, 94.5000, 222.5000, 77.5000, 0, 142.5000, 0, 92.5000, 134.5000, 191.5000, 91.5000, 140, 0, 37.5000, 62, 36, 48, 55.5000, 129, 52], [147, 264, 140, 351.5000, 50.5000, 50, 15.5000, 50.5000, 74.5000, 108.5000, 63, 93.5000, 14, 32, 53.5000, 42, 327, 3633.5000, 694.5000, 5343, 69, 68.5000, 49, 112, 43, 111.5000, 51.5000, 208.5000, 19, 46, 72, 87.5000, 88, 116, 119, 226, 32.5000, 42, 13.5000, 53.5000, 25, 30, 30.5000, 39, 12, 21, 37.5000, 34, 0, 258.5000, 0, 510, 38.5000, 43.5000, 16, 84.5000, 0, 19, 28.5000, 37.5000, 21.5000, 55, 26.5000, 90], [156.5000, 80.5000, 93.5000, 59.5000, 227.5000, 121, 52.5000, 96, 32.5000, 73, 18.5000, 44, 32.5000, 25.5000, 50, 21.5000, 293, 100.5000, 311, 69, 6231, 3150.5000, 1820, 3419, 40, 22.5000, 32, 29, 51, 44, 153.5000, 49.5000, 155, 57, 121.5000, 55, 383, 190, 102, 194.5000, 80, 41, 37, 31.5000, 26, 34, 81, 49, 0, 11, 0, 14, 390.5000, 242.5000, 108, 239.5000, 0, 11.5000, 1, 11.5000, 31, 7.5000, 37, 11.5000], [65.5000, 115.5000, 60, 49, 115.5000, 227, 69, 96, 26, 148, 25, 41.5000, 15, 41.5000, 37.5000, 21, 121, 209, 253, 68.5000, 3150.5000, 7060, 1710.5000, 3405, 12, 57.5000, 20, 21.5000, 30.5000, 125.5000, 105.5000, 51, 66.5000, 80.5000, 75, 47, 169.5000, 384.5000, 121.5000, 205, 44.5000, 104.5000, 37.5000, 37.5000, 20.5000, 66, 78.5000, 26, 0, 34, 0, 21.5000, 170, 532, 102, 268.5000, 0, 18.5000, 4.5000, 7.5000, 17.5000, 25.5000, 18, 20], [40, 35, 50, 24, 64, 68.5000, 53.5000, 51.5000, 22, 48.5000, 18.5000, 39.5000, 7, 16, 56, 13, 87, 72, 240.5000, 49, 1820, 1710.5000, 1679, 1548.5000, 9.5000, 20, 22.5000, 20, 20.5000, 34.5000, 154, 22, 48, 23.5000, 97.5000, 25, 120.5000, 132.5000, 94.5000, 98, 22.5000, 40.5000, 33.5000, 37, 10.5000, 29.5000, 58.5000, 14.5000, 0, 12, 0, 5, 115.5000, 150.5000, 124, 112.5000, 0, 6, 7.5000, 5, 9.5000, 10, 31.5000, 10], [66.5000, 75, 56, 68, 132.5000, 154, 41.5000, 263, 16.5000, 87, 15, 75.5000, 22.5000, 33, 40.5000, 53.5000, 123, 106.5000, 206, 112, 3419, 3405, 1548.5000, 6430, 12, 31.5000, 16.5000, 99, 25, 46.5000, 97, 103, 73, 42, 85.5000, 77.5000, 186, 262.5000, 84, 373.5000, 49.5000, 65.5000, 31.5000, 60, 19, 45, 69.5000, 62.5000, 0, 21, 0, 35, 200, 283.5000, 94.5000, 521.5000, 0, 8, 5.5000, 13, 19, 12.5000, 33.5000, 26.5000], [349, 30, 321, 31, 32.5000, 20.5000, 6.5000, 20.5000, 992.5000, 45, 689.5000, 26.5000, 6, 11.5000, 25, 3.5000, 254, 73.5000, 183, 43, 40, 12, 9.5000, 12, 1136, 884, 666.5000, 589, 21, 13.5000, 32, 13, 67.5000, 20, 41, 22, 24, 18.5000, 7.5000, 14, 65.5000, 22.5000, 25, 12, 7.5000, 2, 10, 6, 0, 11.5000, 0, 8, 14.5000, 12.5000, 3, 14, 0, 15.5000, 22, 18.5000, 11, 8, 11, 4.5000], [398.5000, 104.5000, 567, 47.5000, 29.5000, 54.5000, 27, 26.5000, 1128.5000, 159.5000, 1179.5000, 47, 11.5000, 27.5000, 38.5000, 6, 112.5000, 306, 315.5000, 111.5000, 22.5000, 57.5000, 20, 31.5000, 884, 3612, 1182.5000, 1334.5000, 11.5000, 60.5000, 61, 25.5000, 31.5000, 43, 51, 18.5000, 18.5000, 50, 13, 24, 37.5000, 104, 29, 27, 7, 26.5000, 24.5000, 10, 0, 75, 0, 20, 17.5000, 38, 18.5000, 22.5000, 0, 64.5000, 20.5000, 35, 5.5000, 26.5000, 19, 6.5000], [395.5000, 54, 566.5000, 39.5000, 26.5000, 33.5000, 20, 19, 1018.5000, 54, 1159, 34, 6, 16, 43.5000, 9, 103.5000, 107, 434.5000, 51.5000, 32, 20, 22.5000, 16.5000, 666.5000, 1182.5000, 1471, 667.5000, 8, 22, 74.5000, 19.5000, 32, 23, 84.5000, 17.5000, 23.5000, 26.5000, 20.5000, 17.5000, 32, 26.5000, 43, 18, 6.5000, 10.5000, 31, 4.5000, 0, 25, 0, 11, 12, 25, 10, 18.5000, 0, 13, 84, 16, 6.5000, 5, 16.5000, 11.5000], [266, 68, 324, 88, 30, 22.5000, 13.5000, 30.5000, 743, 68.5000, 659.5000, 73.5000, 9, 11, 24, 18, 86.5000, 118, 171.5000, 208.5000, 29, 21.5000, 20, 99, 589, 1334.5000, 667.5000, 1606, 9.5000, 27, 36, 74.5000, 37, 27.5000, 39, 63.5000, 21, 33, 12, 63.5000, 27.5000, 33.5000, 12.5000, 57.5000, 5, 11, 18.5000, 25.5000, 0, 23, 0, 54.5000, 14, 15, 7, 40, 0, 19, 16, 38.5000, 10.5000, 8.5000, 11.5000, 17], [37.5000, 13.5000, 28.5000, 10.5000, 40.5000, 21, 17, 19, 9, 12.5000, 8.5000, 7, 236.5000, 176, 284, 120, 75, 27.5000, 76.5000, 19, 51, 30.5000, 20.5000, 25, 21, 11.5000, 8, 9.5000, 903, 952, 2227.5000, 686, 25.5000, 5.5000, 14.5000, 11, 38.5000, 23.5000, 13.5000, 22, 6.5000, 6, 4, 4.5000, 113.5000, 72.5000, 159.5000, 56.5000, 0, 22.5000, 0, 18, 14.5000, 13.5000, 7, 13.5000, 0, 6, 18, 6, 380, 112.5000, 618.5000, 93.5000], [37.5000, 54.5000, 50.5000, 30, 55.5000, 107, 28, 49.5000, 18.5000, 65, 16, 22, 202, 856, 715, 355.5000, 66, 125, 130, 46, 44, 125.5000, 34.5000, 46.5000, 13.5000, 60.5000, 22, 27, 952, 6656, 5501, 2176, 21.5000, 35.5000, 43, 9.5000, 55, 136.5000, 45.5000, 65.5000, 17.5000, 30.5000, 15.5000, 13, 97, 511.5000, 402, 194, 0, 112.5000, 0, 41.5000, 27.5000, 68, 33, 35, 0, 35.5000, 26.5000, 18, 673.5000, 582.5000, 1416.5000, 263], [101.5000, 64, 205.5000, 47.5000, 120.5000, 122.5000, 92, 94, 51, 67.5000, 53.5000, 29, 440, 995, 2116, 717, 151.5000, 117, 490.5000, 72, 153.5000, 105.5000, 154, 97, 32, 61, 74.5000, 36, 2227.5000, 5501, 20371, 3755.5000, 74, 32, 145, 38, 115, 132.5000, 104, 125.5000, 28, 35, 35, 28.5000, 217.5000, 434, 1319, 346, 0, 130, 0, 89.5000, 56, 83, 47.5000, 68, 0, 46.5000, 134, 41.5000, 1706, 551, 4488.5000, 512], [38.5000, 32, 47, 57.5000, 35.5000, 40.5000, 19, 97.5000, 32.5000, 21.5000, 19.5000, 19.5000, 158.5000, 391, 480, 526, 50.5000, 64.5000, 119.5000, 87.5000, 49.5000, 51, 22, 103, 13, 25.5000, 19.5000, 74.5000, 686, 2176, 3755.5000, 3671, 26, 20.5000, 30.5000, 31, 45, 50.5000, 22.5000, 87, 7.5000, 12, 10.5000, 17.5000, 89, 177.5000, 287.5000, 270.5000, 0, 62, 0, 67, 19, 26.5000, 17, 46, 0, 20.5000, 20, 24.5000, 522.5000, 251.5000, 1137, 430.5000], [811, 316.5000, 391, 262, 201.5000, 100.5000, 52.5000, 97.5000, 127.5000, 138.5000, 73, 110, 56, 43, 78, 33.5000, 677, 122.5000, 797.5000, 88, 155, 66.5000, 48, 73, 67.5000, 31.5000, 32, 37, 25.5000, 21.5000, 74, 26, 11973, 1971, 10571.5000, 2077.5000, 418, 215.5000, 113.5000, 197.5000, 527.5000, 143, 188, 118, 102.5000, 68, 151, 69, 0, 66, 0, 40.5000, 100, 94.5000, 32.5000, 103.5000, 0, 12.5000, 9, 12.5000, 30, 13.5000, 26.5000, 37], [235.5000, 1394, 265.5000, 586, 84, 162, 48.5000, 72.5000, 54, 415.5000, 39, 167.5000, 13.5000, 49, 51.5000, 26, 158, 219, 341.5000, 116, 57, 80.5000, 23.5000, 42, 20, 43, 23, 27.5000, 5.5000, 35.5000, 32, 20.5000, 1971, 18566, 3276.5000, 8463.5000, 134, 260.5000, 73, 146.5000, 239.5000, 464, 168.5000, 157.5000, 27.5000, 90, 67, 51, 0, 122.5000, 0, 45.5000, 64, 149.5000, 29, 85.5000, 0, 21, 11.5000, 7.5000, 9, 43.5000, 18, 10.5000], [461, 443, 998.5000, 316, 160, 160.5000, 111, 133.5000, 86.5000, 218.5000, 145.5000, 148.5000, 36, 55, 177, 53.5000, 500, 182, 1820.5000, 119, 121.5000, 75, 97.5000, 85.5000, 41, 51, 84.5000, 39, 14.5000, 43, 145, 30.5000, 10571.5000, 3276.5000, 25360, 2671.5000, 286, 264.5000, 226.5000, 282.5000, 284, 229.5000, 357.5000, 148.5000, 61.5000, 113, 362.5000, 81.5000, 0, 48, 0, 46.5000, 98.5000, 137, 63, 104, 0, 9, 29.5000, 9.5000, 18.5000, 21, 47, 19.5000], [245, 659.5000, 208, 1099.5000, 85.5000, 87, 43.5000, 162.5000, 48.5000, 246, 34, 289.5000, 19.5000, 21, 42.5000, 45.5000, 170.5000, 100.5000, 302.5000, 226, 55, 47, 25, 77.5000, 22, 18.5000, 17.5000, 63.5000, 11, 9.5000, 38, 31, 2077.5000, 8463.5000, 2671.5000, 14146, 135, 151.5000, 63, 288.5000, 244.5000, 204.5000, 149, 377, 35.5000, 72.5000, 51, 122, 0, 44, 0, 183, 69.5000, 87, 24.5000, 144.5000, 0, 12.5000, 17, 25, 13, 17, 23.5000, 38], [254.5000, 129, 143, 125, 614.5000, 280.5000, 160.5000, 264, 136.5000, 190.5000, 45, 133.5000, 116, 96, 182, 77, 108.5000, 43.5000, 193.5000, 32.5000, 383, 169.5000, 120.5000, 186, 24, 18.5000, 23.5000, 21, 38.5000, 55, 115, 45, 418, 134, 286, 135, 6362, 2996.5000, 1255.5000, 3008, 586, 239.5000, 185.5000, 189.5000, 304, 189.5000, 436.5000, 228.5000, 0, 27.5000, 0, 25.5000, 560, 405, 144, 460.5000, 0, 47.5000, 16, 48, 56, 42.5000, 67, 40.5000], [140, 302.5000, 169, 129, 344.5000, 846, 162, 365.5000, 45, 500, 37.5000, 160.5000, 57, 218.5000, 194, 98.5000, 95.5000, 87, 212, 42, 190, 384.5000, 132.5000, 262.5000, 18.5000, 50, 26.5000, 33, 23.5000, 136.5000, 132.5000, 50.5000, 215.5000, 260.5000, 264.5000, 151.5000, 2996.5000, 9217, 1573.5000, 4085, 324, 625.5000, 235.5000, 249.5000, 149, 515.5000, 484.5000, 257.5000, 0, 59, 0, 33.5000, 345, 1119, 217.5000, 540, 0, 115.5000, 17, 63, 30, 107, 57, 43.5000], [66, 74, 115.5000, 49.5000, 137, 161, 127.5000, 143.5000, 32, 135, 23, 63, 34, 60, 148, 39.5000, 47.5000, 39.5000, 140, 13.5000, 102, 121.5000, 94.5000, 84, 7.5000, 13, 20.5000, 12, 13.5000, 45.5000, 104, 22.5000, 113.5000, 73, 226.5000, 63, 1255.5000, 1573.5000, 1322, 1277.5000, 139.5000, 144.5000, 167, 93, 61, 114.5000, 391, 88.5000, 0, 7.5000, 0, 6, 159, 217.5000, 140.5000, 194, 0, 25.5000, 12, 17.5000, 18, 33, 54.5000, 19.5000], [121.5000, 174.5000, 163.5000, 186, 305, 398, 133, 549, 35.5000, 265, 34.5000, 236.5000, 55.5000, 126.5000, 173, 150.5000, 93.5000, 49, 211, 53.5000, 194.5000, 205, 98, 373.5000, 14, 24, 17.5000, 63.5000, 22, 65.5000, 125.5000, 87, 197.5000, 146.5000, 282.5000, 288.5000, 3008, 4085, 1277.5000, 7588, 311, 329, 184, 418, 119.5000, 277, 403, 460.5000, 0, 36.5000, 0, 60.5000, 334.5000, 556.5000, 178.5000, 786.5000, 0, 78.5000, 20.5000, 87.5000, 36.5000, 65.5000, 54, 93], [234.5000, 260.5000, 109, 190.5000, 132, 96, 39.5000, 60.5000, 245.5000, 392.5000, 70, 250.5000, 33.5000, 24.5000, 48.5000, 23, 118, 41, 112, 25, 80, 44.5000, 22.5000, 49.5000, 65.5000, 37.5000, 32, 27.5000, 6.5000, 17.5000, 28, 7.5000, 527.5000, 239.5000, 284, 244.5000, 586, 324, 139.5000, 311, 12184, 4376, 3873, 3252.5000, 49.5000, 42.5000, 61, 48.5000, 0, 16, 0, 13.5000, 131, 125.5000, 39.5000, 105, 0, 40, 23, 34.5000, 23, 18, 17.5000, 15.5000], [88.5000, 480.5000, 112.5000, 194.5000, 79.5000, 189, 61, 105.5000, 61.5000, 924, 53, 316.5000, 13.5000, 40.5000, 45.5000, 24.5000, 44, 82, 90, 30, 41, 104.5000, 40.5000, 65.5000, 22.5000, 104, 26.5000, 33.5000, 6, 30.5000, 35, 12, 143, 464, 229.5000, 204.5000, 239.5000, 625.5000, 144.5000, 329, 4376, 9223, 3006.5000, 3074.5000, 28.5000, 92.5000, 82.5000, 44, 0, 36.5000, 0, 12.5000, 89, 230, 60.5000, 134, 0, 110, 24.5000, 49.5000, 6, 45, 18, 15.5000], [91, 176.5000, 138.5000, 101.5000, 61.5000, 74, 49, 67, 76, 349, 126.5000, 199, 7.5000, 19, 57.5000, 12, 43, 46, 148.5000, 30.5000, 37, 37.5000, 33.5000, 31.5000, 25, 29, 43, 12.5000, 4, 15.5000, 35, 10.5000, 188, 168.5000, 357.5000, 149, 185.5000, 235.5000, 167, 184, 3873, 3006.5000, 5235, 1920.5000, 19.5000, 40, 114, 37.5000, 0, 10, 0, 7.5000, 62, 79.5000, 49, 71.5000, 0, 35.5000, 68.5000, 21.5000, 6.5000, 8.5000, 18.5000, 13], [60, 236, 55, 213.5000, 42.5000, 87.5000, 28, 88, 37.5000, 360.5000, 49, 371, 9, 19.5000, 30.5000, 24, 38.5000, 35.5000, 65.5000, 39, 31.5000, 37.5000, 37, 60, 12, 27, 18, 57.5000, 4.5000, 13, 28.5000, 17.5000, 118, 157.5000, 148.5000, 377, 189.5000, 249.5000, 93, 418, 3252.5000, 3074.5000, 1920.5000, 4985, 15, 33, 67, 56, 0, 15.5000, 0, 31.5000, 58, 89.5000, 27.5000, 141.5000, 0, 36, 8.5000, 50, 3.5000, 11.5000, 20.5000, 26.5000], [73, 24, 41, 15.5000, 152, 79.5000, 39, 72.5000, 31.5000, 33, 9.5000, 19.5000, 488.5000, 371, 216.5000, 321, 34, 8, 52, 12, 26, 20.5000, 10.5000, 19, 7.5000, 7, 6.5000, 5, 113.5000, 97, 217.5000, 89, 102.5000, 27.5000, 61.5000, 35.5000, 304, 149, 61, 119.5000, 49.5000, 28.5000, 19.5000, 15, 1743, 929, 2104.5000, 909.5000, 0, 32.5000, 0, 23.5000, 52.5000, 27, 11.5000, 32.5000, 0, 11.5000, 5, 9.5000, 89.5000, 40.5000, 104, 34.5000], [48, 90.5000, 46.5000, 43, 131, 285, 56.5000, 121.5000, 15, 99.5000, 10.5000, 41.5000, 339.5000, 1861, 354, 773, 25, 42, 94.5000, 21, 34, 66, 29.5000, 45, 2, 26.5000, 10.5000, 11, 72.5000, 511.5000, 434, 177.5000, 68, 90, 113, 72.5000, 189.5000, 515.5000, 114.5000, 277, 42.5000, 92.5000, 40, 33, 929, 6436, 4199.5000, 2167, 0, 116, 0, 24, 38.5000, 114, 27.5000, 58.5000, 0, 56, 10.5000, 48.5000, 68.5000, 287, 155, 106], [92, 79.5000, 185.5000, 67.5000, 261, 253, 172.5000, 208.5000, 39, 93.5000, 46, 64.5000, 643, 1735.5000, 1171, 1226, 54.5000, 42.5000, 222.5000, 37.5000, 81, 78.5000, 58.5000, 69.5000, 10, 24.5000, 31, 18.5000, 159.5000, 402, 1319, 287.5000, 151, 67, 362.5000, 51, 436.5000, 484.5000, 391, 403, 61, 82.5000, 114, 67, 2104.5000, 4199.5000, 14394, 3566, 0, 46.5000, 0, 34, 98.5000, 100.5000, 44, 98.5000, 0, 52, 65, 66, 175, 173, 561.5000, 166], [60, 51, 68, 92, 129, 150.5000, 62, 259.5000, 16.5000, 51.5000, 12, 56.5000, 306.5000, 920, 333.5000, 1307, 31, 21, 77.5000, 34, 49, 26, 14.5000, 62.5000, 6, 10, 4.5000, 25.5000, 56.5000, 194, 346, 270.5000, 69, 51, 81.5000, 122, 228.5000, 257.5000, 88.5000, 460.5000, 48.5000, 44, 37.5000, 56, 909.5000, 2167, 3566, 4786, 0, 44.5000, 0, 59.5000, 45.5000, 47.5000, 15.5000, 93.5000, 0, 36.5000, 10, 43.5000, 73, 99.5000, 139.5000, 154.5000], [0, 0, 0, 0, 0, 0, 0, 0, 0, 0, 0, 0, 0, 0, 0, 0, 0, 0, 0, 0, 0, 0, 0, 0, 0, 0, 0, 0, 0, 0, 0, 0, 0, 0, 0, 0, 0, 0, 0, 0, 0, 0, 0, 0, 0, 0, 0, 0, 682, 0, 142, 0, 0, 0, 0, 0, 264.5000, 0, 0, 0, 0, 0, 0, 0], [55, 260, 67.5000, 124.5000, 34.5000, 67, 15.5000, 31, 37.5000, 86.5000, 23.5000, 37, 18, 99, 72, 45, 56, 603.5000, 142.5000, 258.5000, 11, 34, 12, 21, 11.5000, 75, 25, 23, 22.5000, 112.5000, 130, 62, 66, 122.5000, 48, 44, 27.5000, 59, 7.5000, 36.5000, 16, 36.5000, 10, 15.5000, 32.5000, 116, 46.5000, 44.5000, 0, 17290, 0, 6255.5000, 39.5000, 147, 16.5000, 62.5000, 0, 173.5000, 144.5000, 72, 44, 1779.5000, 64, 834], [0, 0, 0, 0, 0, 0, 0, 0, 0, 0, 0, 0, 0, 0, 0, 0, 0, 0, 0, 0, 0, 0, 0, 0, 0, 0, 0, 0, 0, 0, 0, 0, 0, 0, 0, 0, 0, 0, 0, 0, 0, 0, 0, 0, 0, 0, 0, 0, 142, 0, 191, 0, 0, 0, 0, 0, 84.5000, 0, 0, 0, 0, 0, 0, 0], [85.5000, 104.5000, 57, 225.5000, 37, 27, 14, 46.5000, 23, 44, 27, 44.5000, 23, 43.5000, 51, 78.5000, 60.5000, 252, 92.5000, 510, 14, 21.5000, 5, 35, 8, 20, 11, 54.5000, 18, 41.5000, 89.5000, 67, 40.5000, 45.5000, 46.5000, 183, 25.5000, 33.5000, 6, 60.5000, 13.5000, 12.5000, 7.5000, 31.5000, 23.5000, 24, 34, 59.5000, 0, 6255.5000, 0, 8832, 22, 64, 9.5000, 105, 0, 52.5000, 93.5000, 121.5000, 31, 696.5000, 76, 1033.5000], [116.5000, 131, 83, 89.5000, 639.5000, 337.5000, 159, 307, 51, 275, 25, 176.5000, 39.5000, 33, 89, 30.5000, 94.5000, 46.5000, 134.5000, 38.5000, 390.5000, 170, 115.5000, 200, 14.5000, 17.5000, 12, 14, 14.5000, 27.5000, 56, 19, 100, 64, 98.5000, 69.5000, 560, 345, 159, 334.5000, 131, 89, 62, 58, 52.5000, 38.5000, 98.5000, 45.5000, 0, 39.5000, 0, 22, 3626, 1956, 780, 1944, 0, 66.5000, 10, 59, 166.5000, 49, 72.5000, 35], [91, 306, 122.5000, 138.5000, 402.5000, 890, 207, 364, 37.5000, 776.5000, 29.5000, 271, 24.5000, 89, 110.5000, 32.5000, 84.5000, 106.5000, 191.5000, 43.5000, 242.5000, 532, 150.5000, 283.5000, 12.5000, 38, 25, 15, 13.5000, 68, 83, 26.5000, 94.5000, 149.5000, 137, 87, 405, 1119, 217.5000, 556.5000, 125.5000, 230, 79.5000, 89.5000, 27, 114, 100.5000, 47.5000, 0, 147, 0, 64, 1956, 7269, 1128, 2970, 0, 167.5000, 25, 87.5000, 32.5000, 236, 55.5000, 67.5000], [30, 79.5000, 44.5000, 49, 157.5000, 150.5000, 124, 107, 15.5000, 171, 16.5000, 96.5000, 13.5000, 16, 54.5000, 7, 25, 44.5000, 91.5000, 16, 108, 102, 124, 94.5000, 3, 18.5000, 10, 7, 7, 33, 47.5000, 17, 32.5000, 29, 63, 24.5000, 144, 217.5000, 140.5000, 178.5000, 39.5000, 60.5000, 49, 27.5000, 11.5000, 27.5000, 44, 15.5000, 0, 16.5000, 0, 9.5000, 780, 1128, 798, 948, 0, 27, 32.5000, 34, 13, 29.5000, 64.5000, 19], [120.5000, 189.5000, 94.5000, 183.5000, 408.5000, 449, 167, 647, 31.5000, 467.5000, 31.5000, 321.5000, 20, 53, 90, 62.5000, 92.5000, 69.5000, 140, 84.5000, 239.5000, 268.5000, 112.5000, 521.5000, 14, 22.5000, 18.5000, 40, 13.5000, 35, 68, 46, 103.5000, 85.5000, 104, 144.5000, 460.5000, 540, 194, 786.5000, 105, 134, 71.5000, 141.5000, 32.5000, 58.5000, 98.5000, 93.5000, 0, 62.5000, 0, 105, 1944, 2970, 948, 6126, 0, 91.5000, 17, 161.5000, 40.5000, 69.5000, 71.5000, 168.5000], [0, 0, 0, 0, 0, 0, 0, 0, 0, 0, 0, 0, 0, 0, 0, 0, 0, 0, 0, 0, 0, 0, 0, 0, 0, 0, 0, 0, 0, 0, 0, 0, 0, 0, 0, 0, 0, 0, 0, 0, 0, 0, 0, 0, 0, 0, 0, 0, 264.5000, 0, 84.5000, 0, 0, 0, 0, 0, 688, 0, 0, 0, 0, 0, 0, 0], [19, 85, 36.5000, 39, 39.5000, 90, 18, 58, 16.5000, 233, 24.5000, 88, 7.5000, 48, 40.5000, 26.5000, 15.5000, 42, 37.5000, 19, 11.5000, 18.5000, 6, 8, 15.5000, 64.5000, 13, 19, 6, 35.5000, 46.5000, 20.5000, 12.5000, 21, 9, 12.5000, 47.5000, 115.5000, 25.5000, 78.5000, 40, 110, 35.5000, 36, 11.5000, 56, 52, 36.5000, 0, 173.5000, 0, 52.5000, 66.5000, 167.5000, 27, 91.5000, 0, 13764, 62.5000, 5020.5000, 11, 120.5000, 31, 53.5000], [23, 16.5000, 66.5000, 17, 11.5000, 12.5000, 21, 13.5000, 50.5000, 16, 63, 14.5000, 5.5000, 24, 85.5000, 18.5000, 10, 34, 62, 28.5000, 1, 4.5000, 7.5000, 5.5000, 22, 20.5000, 84, 16, 18, 26.5000, 134, 20, 9, 11.5000, 29.5000, 17, 16, 17, 12, 20.5000, 23, 24.5000, 68.5000, 8.5000, 5, 10.5000, 65, 10, 0, 144.5000, 0, 93.5000, 10, 25, 32.5000, 17, 0, 62.5000, 16890, 48.5000, 16, 164.5000, 142.5000, 152.5000], [18.5000, 52, 18.5000, 66.5000, 39, 55, 14.5000, 52, 18.5000, 120.5000, 14.5000, 148, 9.5000, 26, 32.5000, 27, 14, 22.5000, 36, 37.5000, 11.5000, 7.5000, 5, 13, 18.5000, 35, 16, 38.5000, 6, 18, 41.5000, 24.5000, 12.5000, 7.5000, 9.5000, 25, 48, 63, 17.5000, 87.5000, 34.5000, 49.5000, 21.5000, 50, 9.5000, 48.5000, 66, 43.5000, 0, 72, 0, 121.5000, 59, 87.5000, 34, 161.5000, 0, 5020.5000, 48.5000, 10348, 9.5000, 72, 24.5000, 102.5000], [27.5000, 16.5000, 23.5000, 18.5000, 48.5000, 30, 19.5000, 23, 27, 12, 12.5000, 16, 185, 146, 294.5000, 142, 27.5000, 15.5000, 48, 21.5000, 31, 17.5000, 9.5000, 19, 11, 5.5000, 6.5000, 10.5000, 380, 673.5000, 1706, 522.5000, 30, 9, 18.5000, 13, 56, 30, 18, 36.5000, 23, 6, 6.5000, 3.5000, 89.5000, 68.5000, 175, 73, 0, 44, 0, 31, 166.5000, 32.5000, 13, 40.5000, 0, 11, 16, 9.5000, 1426, 198.5000, 805.5000, 221.5000], [31.5000, 78, 27.5000, 23.5000, 42, 68, 24.5000, 36, 11.5000, 44.5000, 7.5000, 19.5000, 81.5000, 451.5000, 248, 187, 28.5000, 148.5000, 55.5000, 55, 7.5000, 25.5000, 10, 12.5000, 8, 26.5000, 5, 8.5000, 112.5000, 582.5000, 551, 251.5000, 13.5000, 43.5000, 21, 17, 42.5000, 107, 33, 65.5000, 18, 45, 8.5000, 11.5000, 40.5000, 287, 173, 99.5000, 0, 1779.5000, 0, 696.5000, 49, 236, 29.5000, 69.5000, 0, 120.5000, 164.5000, 72, 198.5000, 17390, 298, 7219], [48.5000, 25, 105.5000, 37.5000, 70.5000, 45, 42.5000, 52.5000, 24.5000, 31, 27.5000, 15.5000, 182, 361, 882, 267, 39, 23, 129, 26.5000, 37, 18, 31.5000, 33.5000, 11, 19, 16.5000, 11.5000, 618.5000, 1416.5000, 4488.5000, 1137, 26.5000, 18, 47, 23.5000, 67, 57, 54.5000, 54, 17.5000, 18, 18.5000, 20.5000, 104, 155, 561.5000, 139.5000, 0, 64, 0, 76, 72.5000, 55.5000, 64.5000, 71.5000, 0, 31, 142.5000, 24.5000, 805.5000, 298, 4317, 299.5000], [51, 34, 38, 87, 34, 39.5000, 16, 58, 16, 28.5000, 6.5000, 36.5000, 90.5000, 207, 235, 339, 20, 78, 52, 90, 11.5000, 20, 10, 26.5000, 4.5000, 6.5000, 11.5000, 17, 93.5000, 263, 512, 430.5000, 37, 10.5000, 19.5000, 38, 40.5000, 43.5000, 19.5000, 93, 15.5000, 15.5000, 13, 26.5000, 34.5000, 106, 166, 154.5000, 0, 834, 0, 1033.5000, 35, 67.5000, 19, 168.5000, 0, 53.5000, 152.5000, 102.5000, 221.5000, 7219, 299.5000, 10059]];

